3.504708409309387207e-02,2.988567575812339783e-03,1.121600121259689331e-01,-1.753488034009933472e-01,6.451273709535598755e-02,1.504767239093780518e-01,1.907123252749443054e-02,-1.177862435579299927e-01,3.572043031454086304e-02,5.017447099089622498e-02,-1.742869019508361816e-01,-4.930386692285537720e-02,3.901636227965354919e-02,-1.563561707735061646e-02,9.942023456096649170e-02,-5.771780014038085938e-02,4.350021854043006897e-02,6.630577892065048218e-02,3.038674220442771912e-02,8.685206621885299683e-02,-2.980232238769531250e-05,-1.389630287885665894e-01,-7.555387169122695923e-02,1.622828394174575806e-01,2.582083642482757568e-01,2.861153520643711090e-02,-1.319973729550838470e-03,8.350310381501913071e-04,5.023006722331047058e-02,1.176881194114685059e-01,1.796677894890308380e-02,-1.771063208580017090e-01,7.515675388276576996e-03,1.500973384827375412e-02,4.494295269250869751e-02,1.125436127185821533e-01,1.027243137359619141e-01,-4.518745839595794678e-02,-7.796337828040122986e-03,2.318678610026836395e-02,1.353312376886606216e-02,-6.114137824624776840e-03,3.203725814819335938e-02,-1.358341891318559647e-02,2.786525338888168335e-02,-6.001202017068862915e-02,4.707388579845428467e-02,1.106983423233032227e-01,-8.459059894084930420e-02,-5.689290352165699005e-03,1.213785856962203979e-01,-1.884624361991882324e-02,-5.030521377921104431e-02,-1.666302047669887543e-02,-2.002516761422157288e-02,-5.438760668039321899e-02,-9.402940422296524048e-02,-3.752667456865310669e-02,-1.372977495193481445e-01,2.049027942121028900e-02,1.591425761580467224e-02,-4.519165679812431335e-02,5.958938598632812500e-02,6.283823400735855103e-02,1.803040057420730591e-01,-2.572397701442241669e-02,1.223582774400711060e-01,2.343381987884640694e-03,1.821030303835868835e-02,7.218199968338012695e-02,2.752082236111164093e-02,-1.757949963212013245e-02,2.202798575162887573e-01,1.424470096826553345e-01,1.639070361852645874e-01,1.635776758193969727e-01,-3.746132180094718933e-02,8.432710915803909302e-02,-2.384377084672451019e-02,3.969499375671148300e-03,-6.402875483036041260e-02,9.601118043065071106e-03,-4.239959642291069031e-02,-1.485578063875436783e-02,1.275406926870346069e-01,-6.829357147216796875e-02,-6.756722927093505859e-02,-2.777868881821632385e-02,-6.092019006609916687e-02,2.283575385808944702e-02,1.033345088362693787e-01,7.955478131771087646e-02,-1.092045977711677551e-01,-1.342635974287986755e-02,-3.420007601380348206e-02,-1.446527522057294846e-02,1.401281822472810745e-02,9.582548588514328003e-02,7.031378149986267090e-02,-2.042328193783760071e-02,-8.688814938068389893e-02,9.592758864164352417e-02,3.241921961307525635e-02,8.000500500202178955e-03,-6.986728310585021973e-02,-4.644420370459556580e-02,3.772957623004913330e-02,3.458320721983909607e-02,2.950583025813102722e-02,6.228153407573699951e-02,-2.744765765964984894e-02,5.105451121926307678e-02,7.296715676784515381e-02,-3.852024674415588379e-02,-3.568593412637710571e-02,6.184826139360666275e-03,8.057262003421783447e-02,6.904490292072296143e-02,-1.762374192476272583e-01,-8.323148824274539948e-03,-1.453319340944290161e-01,7.702197879552841187e-02,1.219915077090263367e-01,1.008218899369239807e-01,3.413186641409993172e-03,-1.694797575473785400e-01,5.295640230178833008e-02,2.059826105833053589e-01
6.478568911552429199e-02,1.011317968368530273e-01,1.514002680778503418e-01,-1.432150453329086304e-01,1.794395619072020054e-03,6.354385614395141602e-02,-1.001926437020301819e-01,3.595699369907379150e-02,1.915015578269958496e-01,8.927799016237258911e-02,-5.593094229698181152e-02,-2.076696418225765228e-02,-3.816713392734527588e-02,-2.401736192405223846e-02,9.029725939035415649e-02,-1.180040687322616577e-01,-5.917885527014732361e-02,6.371482461690902710e-02,5.718654021620750427e-02,1.269134879112243652e-01,8.196019381284713745e-02,-3.402584791183471680e-02,-5.527084320783615112e-02,1.993192434310913086e-01,2.129055559635162354e-01,-3.413670137524604797e-02,-1.015706062316894531e-01,5.063728615641593933e-02,8.982473611831665039e-02,-6.486773490905761719e-02,-1.553392410278320312e-02,2.940774708986282349e-02,-4.967411980032920837e-02,2.439881209284067154e-03,1.991270855069160461e-02,1.337436735630035400e-01,1.157033815979957581e-01,5.426069349050521851e-02,2.628129348158836365e-02,5.021740123629570007e-02,-2.899876050651073456e-02,-2.301825396716594696e-02,6.853467971086502075e-02,-4.836725071072578430e-02,-2.318616807460784912e-01,-2.048161029815673828e-01,-4.723684117197990417e-02,6.010173261165618896e-02,-1.306995898485183716e-01,-2.423178218305110931e-02,-2.448769286274909973e-02,-1.328654289245605469e-01,-5.011130124330520630e-02,-5.615976452827453613e-02,-1.045493185520172119e-01,-1.267551332712173462e-01,5.581141449511051178e-03,-2.012279815971851349e-03,-2.940783649682998657e-02,-3.829579334706068039e-03,-4.493533819913864136e-02,1.578181795775890350e-02,1.446491181850433350e-01,1.670154929161071777e-01,1.763435453176498413e-01,4.691416863352060318e-03,1.725880801677703857e-02,4.108656570315361023e-02,-9.363316930830478668e-03,4.073224216699600220e-02,-4.381388798356056213e-02,-6.293556094169616699e-02,2.240245491266250610e-01,1.391782462596893311e-01,-6.920056045055389404e-02,1.056606695055961609e-01,-1.336760669946670532e-01,3.208488970994949341e-02,-7.362290471792221069e-02,8.938607061281800270e-04,3.270561620593070984e-02,2.030972391366958618e-02,1.799883320927619934e-02,1.524737775325775146e-01,1.372224837541580200e-01,4.059189558029174805e-02,-4.401843994855880737e-02,2.791144326329231262e-02,-1.157015860080718994e-01,-2.039173431694507599e-02,8.904338628053665161e-02,1.378487199544906616e-01,-6.666518002748489380e-02,-1.973104476928710938e-02,-5.066642165184020996e-02,-3.439734503626823425e-02,6.871392577886581421e-02,4.493527859449386597e-02,8.665407449007034302e-02,-6.279580295085906982e-02,-8.114158362150192261e-02,1.341767460107803345e-01,3.645380213856697083e-02,1.867023878730833530e-03,-5.518931895494461060e-02,-1.829810142517089844e-01,9.483114629983901978e-02,3.487876057624816895e-02,6.624046713113784790e-02,3.852206468582153320e-02,-1.604690216481685638e-02,1.428693532943725586e-01,-6.785228382796049118e-03,-6.278764456510543823e-02,1.473067910410463810e-03,-2.210583304986357689e-03,-6.578063219785690308e-02,8.464105427265167236e-02,7.595033943653106689e-02,1.058936566114425659e-01,-1.897969245910644531e-01,7.829370349645614624e-02,4.668959975242614746e-02,4.604763910174369812e-02,-8.176519721746444702e-02,-1.194789931178092957e-01,-1.609418913722038269e-02,1.320007294416427612e-01
9.367762506008148193e-02,-2.224888652563095093e-03,1.306630671024322510e-01,-1.736883223056793213e-01,8.323126286268234253e-02,1.178601533174514771e-01,2.760456502437591553e-02,4.402993945404887199e-04,7.115005282685160637e-04,-7.009629160165786743e-03,-1.557147651910781860e-01,-3.543213009834289551e-03,5.014626309275627136e-02,-9.056566655635833740e-02,6.560318171977996826e-02,-3.906231001019477844e-02,3.750107809901237488e-02,8.734371513128280640e-02,5.209148675203323364e-02,6.909185647964477539e-02,4.151495546102523804e-02,-6.655590236186981201e-02,-1.494318842887878418e-01,1.645957380533218384e-01,2.555118501186370850e-01,-1.662062294781208038e-02,-3.967790678143501282e-02,1.243115961551666260e-02,6.087033450603485107e-02,-1.526633184403181076e-02,-5.304523184895515442e-02,-7.158844172954559326e-02,-1.825424656271934509e-02,-1.194494683295488358e-02,-3.073316998779773712e-02,1.082400158047676086e-01,3.584865108132362366e-02,-3.356643021106719971e-02,2.446940541267395020e-02,1.240073367953300476e-01,1.128377541899681091e-01,3.057575039565563202e-02,4.370621219277381897e-02,-5.906413495540618896e-02,-1.530930101871490479e-01,-1.310453861951828003e-01,4.546957835555076599e-02,1.095939800143241882e-01,-6.723881512880325317e-02,8.931398391723632812e-03,9.393536299467086792e-02,-1.847402378916740417e-02,-1.100713759660720825e-01,-1.647531613707542419e-02,-4.259233921766281128e-02,-9.823323041200637817e-02,-1.104026660323143005e-01,-4.094961285591125488e-02,-1.398976594209671021e-01,9.115234017372131348e-03,-5.564389866776764393e-04,-1.219960022717714310e-02,8.693511784076690674e-02,8.622912317514419556e-02,1.907513141632080078e-01,-8.910167217254638672e-02,3.161300346255302429e-02,8.403400331735610962e-02,7.340856641530990601e-02,1.016199067234992981e-01,9.759204462170600891e-03,-2.899468317627906799e-02,2.750543653964996338e-01,1.463379561901092529e-01,9.350376576185226440e-02,1.832002997398376465e-01,4.589347168803215027e-02,1.064544245600700378e-01,-1.160706486552953720e-02,9.612143971025943756e-03,-3.957575559616088867e-02,-3.767982497811317444e-02,-8.540481328964233398e-03,-3.842623904347419739e-02,1.035673022270202637e-01,5.590616911649703979e-02,1.501244585961103439e-02,-5.741696059703826904e-02,-1.183061301708221436e-01,-3.779537975788116455e-02,1.443599015474319458e-01,1.171694248914718628e-01,-5.903597548604011536e-02,4.941514879465103149e-02,-8.914025127887725830e-02,-1.936521194875240326e-02,4.137375578284263611e-02,4.793893918395042419e-02,3.850804641842842102e-02,-6.486726552248001099e-02,-1.033942680805921555e-02,6.778305768966674805e-02,-7.878498174250125885e-03,-3.077800944447517395e-02,-3.918368369340896606e-02,-1.342551857233047485e-01,7.567147910594940186e-02,4.128973931074142456e-02,-5.829833913594484329e-03,1.093752216547727585e-02,3.124256990849971771e-02,6.568900495767593384e-02,5.799886956810951233e-02,-5.693820491433143616e-02,-2.597724646329879761e-02,5.168917030096054077e-02,7.849054411053657532e-03,-1.149907615035772324e-02,-7.721289247274398804e-02,2.283932641148567200e-02,-1.816712766885757446e-01,8.343334496021270752e-02,1.624467819929122925e-01,8.294877479784190655e-04,-5.463960766792297363e-02,-1.999704092741012573e-01,-3.655893960967659950e-03,1.903763562440872192e-01
-3.180524334311485291e-02,4.943902418017387390e-02,5.145783349871635437e-02,-2.010914683341979980e-02,7.708664517849683762e-03,3.720350563526153564e-02,1.861738413572311401e-02,3.891450911760330200e-02,-7.505573797971010208e-03,-2.300541847944259644e-02,-3.005275502800941467e-02,-3.370134904980659485e-02,-3.302517160773277283e-02,-3.296956047415733337e-02,6.474999710917472839e-03,-1.254051108844578266e-03,3.282594727352261543e-03,2.937025949358940125e-02,-7.054985966533422470e-03,6.242949143052101135e-02,5.725409090518951416e-02,-4.322501830756664276e-03,-5.749602988362312317e-02,4.859184473752975464e-02,9.206616878509521484e-02,1.879115961492061615e-02,-2.518934383988380432e-02,-1.358529739081859589e-02,8.615756407380104065e-03,-4.653873667120933533e-02,5.554445087909698486e-02,2.501576580107212067e-02,6.681312806904315948e-03,-5.558909382671117783e-03,1.404765155166387558e-02,4.261434823274612427e-02,9.704820811748504639e-03,-6.338882446289062500e-02,-1.744745858013629913e-02,6.884191185235977173e-02,5.147947371006011963e-02,1.208478864282369614e-02,-3.210037201642990112e-02,-1.865066215395927429e-02,-4.047933965921401978e-02,-5.469535477459430695e-03,-3.343845531344413757e-02,1.234754640609025955e-02,-5.467955954372882843e-03,6.175855640321969986e-03,-2.430806122720241547e-02,-4.025913402438163757e-02,4.244939982891082764e-02,2.502487786114215851e-02,-7.510907016694545746e-03,-1.871602423489093781e-02,-4.762250930070877075e-02,-4.453038796782493591e-02,-3.101116977632045746e-02,-3.333985805511474609e-04,-1.607842557132244110e-02,2.352417260408401489e-02,5.542721599340438843e-02,6.503834575414657593e-02,9.905616194009780884e-02,1.349721662700176239e-02,6.910268217325210571e-02,5.621412768959999084e-02,8.759488165378570557e-02,5.606579780578613281e-02,-4.150068387389183044e-03,-5.728632211685180664e-02,6.673973798751831055e-02,3.453444689512252808e-02,-2.021040208637714386e-02,5.899469554424285889e-02,4.331927374005317688e-02,4.892674088478088379e-02,4.336998984217643738e-02,2.034773491322994232e-02,-2.860766462981700897e-02,2.591223269701004028e-02,-7.273037917912006378e-03,1.334948465228080750e-02,2.390677807852625847e-03,-2.284579165279865265e-02,-2.388740703463554382e-02,-5.898704752326011658e-03,-3.785320371389389038e-02,-5.220067221671342850e-03,5.699132382869720459e-02,5.962339043617248535e-02,-1.556699723005294800e-02,-2.209288626909255981e-02,-1.111252885311841965e-02,-1.736704446375370026e-02,-1.248080097138881683e-02,9.721186757087707520e-02,6.045950576663017273e-02,-2.320775575935840607e-02,1.994601264595985413e-02,-8.558629080653190613e-03,2.443658560514450073e-02,1.607240736484527588e-02,4.658028483390808105e-02,3.254333510994911194e-02,2.863544598221778870e-02,-3.981777466833591461e-03,7.643221877515316010e-03,-1.368380524218082428e-02,-2.319152280688285828e-02,8.777630515396595001e-03,-1.180271990597248077e-02,-5.364175513386726379e-02,-4.161989316344261169e-03,-1.485423091799020767e-02,-2.964762598276138306e-02,-4.661775752902030945e-02,-2.389988861978054047e-02,-8.677531965076923370e-03,-6.223121285438537598e-02,3.658832982182502747e-02,-1.362823322415351868e-02,3.893113881349563599e-02,-8.239111863076686859e-03,-8.531894534826278687e-02,-5.098572745919227600e-02,6.165268272161483765e-02
-9.022912941873073578e-03,-9.417582303285598755e-03,8.224721252918243408e-02,-8.105844259262084961e-02,2.788601256906986237e-02,1.385237574577331543e-01,7.230424135923385620e-02,2.345614135265350342e-02,-4.483219236135482788e-02,1.539108715951442719e-02,-8.615795522928237915e-02,-7.141677197068929672e-03,6.087117269635200500e-02,-4.807755723595619202e-02,2.437692508101463318e-02,-8.750364929437637329e-02,-2.317126141861081123e-03,2.797725424170494080e-02,2.964431978762149811e-02,5.887120589613914490e-02,5.188325420022010803e-02,-5.526541545987129211e-02,-6.127889081835746765e-02,1.021430343389511108e-01,1.496552973985671997e-01,5.787992849946022034e-03,-3.022179193794727325e-02,-3.066275455057621002e-02,-2.462181076407432556e-02,-2.362684532999992371e-02,2.456355281174182892e-02,-2.713312022387981415e-02,6.427782773971557617e-02,2.232845872640609741e-03,-1.004298496991395950e-02,5.159878358244895935e-02,2.090873382985591888e-02,-7.900175452232360840e-02,3.865290805697441101e-02,9.120608121156692505e-02,3.001264482736587524e-02,-2.720354683697223663e-02,-6.758301705121994019e-02,-8.878772146999835968e-03,-3.155590221285820007e-02,-1.222320720553398132e-01,5.244474858045578003e-03,2.261324226856231689e-02,2.129125595092773438e-02,7.770797610282897949e-02,2.874338999390602112e-02,2.494175173342227936e-02,6.489031761884689331e-02,1.526386104524135590e-02,-6.581348180770874023e-02,-8.553050458431243896e-02,-9.353413432836532593e-02,-3.872408717870712280e-02,-9.387158602476119995e-02,-5.380518734455108643e-03,-4.370760545134544373e-02,-2.168660797178745270e-02,1.474979706108570099e-02,6.710795313119888306e-02,9.870643168687820435e-02,-3.921460360288619995e-02,1.417386718094348907e-02,4.854180663824081421e-02,2.644333057105541229e-02,7.013033330440521240e-02,-2.336285077035427094e-02,-2.886589430272579193e-02,1.350338160991668701e-01,8.827264606952667236e-02,2.986004762351512909e-02,3.531571850180625916e-02,-2.366800792515277863e-02,4.728858172893524170e-02,2.690229192376136780e-02,3.354636952280998230e-02,-4.821659252047538757e-02,1.143920980393886566e-02,-2.413297770544886589e-03,1.075294800102710724e-02,3.469035495072603226e-03,-7.274092733860015869e-02,-9.635536931455135345e-03,-2.785325050354003906e-04,-1.133858133107423782e-02,-7.924597710371017456e-02,8.170398324728012085e-02,2.670364826917648315e-02,-6.882791221141815186e-02,2.467706240713596344e-02,2.801850065588951111e-02,3.951760753989219666e-02,6.597754359245300293e-02,1.692699454724788666e-02,-7.968137972056865692e-03,-1.578941754996776581e-02,8.616888895630836487e-03,3.621411696076393127e-02,-8.132901042699813843e-02,3.139685094356536865e-02,8.364713191986083984e-02,6.649401038885116577e-02,2.567099221050739288e-02,3.100411035120487213e-02,-5.929787643253803253e-03,-6.581717170774936676e-03,-2.572141587734222412e-02,-1.742138713598251343e-02,5.243610590696334839e-03,-2.204299159348011017e-02,-2.725602127611637115e-02,7.574781030416488647e-02,-1.103844959288835526e-02,-1.291483081877231598e-02,-3.172625601291656494e-02,2.281254716217517853e-02,-9.067774564027786255e-02,5.085764452815055847e-02,4.566955566406250000e-02,6.294143944978713989e-02,3.587587969377636909e-03,-1.163735762238502502e-01,-4.122086614370346069e-02,1.242861598730087280e-01
1.733188703656196594e-02,1.432991120964288712e-02,4.956058040261268616e-02,-8.532829582691192627e-02,7.296356558799743652e-02,6.526391953229904175e-02,-3.593876026570796967e-03,-3.406570479273796082e-02,-2.021448314189910889e-02,-1.725302636623382568e-02,-8.313443511724472046e-02,-2.681413851678371429e-02,-1.652382314205169678e-02,-5.720046348869800568e-03,8.031196147203445435e-02,-1.274689380079507828e-02,3.433248028159141541e-02,7.403128594160079956e-02,4.319145157933235168e-02,3.812047466635704041e-02,-2.380856871604919434e-02,-4.033556953072547913e-02,-6.833033263683319092e-02,1.125791817903518677e-01,1.473627090454101562e-01,2.064970089122653008e-03,6.507989484816789627e-03,-5.731459707021713257e-03,3.117587417364120483e-02,5.886277183890342712e-02,1.583568751811981201e-02,-1.049126237630844116e-01,-1.726756431162357330e-02,-9.150576777756214142e-03,-8.704710751771926880e-03,7.493043690919876099e-02,2.717221900820732117e-02,-3.167629987001419067e-02,9.666707366704940796e-03,4.357853904366493225e-02,2.168175391852855682e-02,-4.391588270664215088e-02,-3.669216856360435486e-02,-6.103195250034332275e-02,-2.262230031192302704e-02,-3.562711924314498901e-02,6.530851870775222778e-02,1.113827601075172424e-01,-1.033489778637886047e-02,5.465005990117788315e-03,9.582521021366119385e-02,-7.626027334481477737e-03,-5.455242842435836792e-02,1.651694066822528839e-02,-1.581846270710229874e-03,-6.174531206488609314e-02,-7.722420245409011841e-02,-1.731258258223533630e-02,-9.490028768777847290e-02,-1.106970850378274918e-02,-1.869797706604003906e-04,-9.485645219683647156e-03,3.400610527023673058e-03,2.588623668998479843e-03,1.080916747450828552e-01,-3.595598042011260986e-02,7.607505470514297485e-02,5.224906653165817261e-02,4.501251969486474991e-03,3.597130998969078064e-02,4.300328902900218964e-03,-1.952709630131721497e-02,1.212039142847061157e-01,7.562311738729476929e-02,1.159668564796447754e-01,9.915457665920257568e-02,-4.661472141742706299e-02,7.148398458957672119e-02,-1.273789349943399429e-02,4.965559765696525574e-02,-3.606193885207176208e-02,-1.258136983960866928e-02,-2.495643496513366699e-02,1.565662212669849396e-02,8.858767151832580566e-02,-5.105064064264297485e-02,7.913662120699882507e-03,-1.464923657476902008e-02,-6.981194019317626953e-02,-4.291141033172607422e-02,5.804333463311195374e-02,3.722285106778144836e-02,-8.244198560714721680e-02,4.434443637728691101e-02,-7.080434588715434074e-04,1.486963685601949692e-02,1.237570587545633316e-02,5.241820588707923889e-02,2.394784055650234222e-02,-5.621235072612762451e-02,-3.355327621102333069e-02,2.499280124902725220e-02,-2.566292323172092438e-02,1.106398832052946091e-02,2.224650233983993530e-03,-3.832708299160003662e-02,5.253613740205764771e-02,3.688258817419409752e-03,-5.059705115854740143e-03,1.672043465077877045e-02,-2.787553146481513977e-02,2.341584302484989166e-02,1.388466451317071915e-02,6.795003078877925873e-03,-3.365201875567436218e-02,2.797120995819568634e-02,3.281939774751663208e-02,4.889816790819168091e-02,-7.688232511281967163e-02,4.428051784634590149e-02,-1.093812808394432068e-01,2.381791919469833374e-02,8.357223123311996460e-02,3.298194333910942078e-02,-4.457281157374382019e-02,-1.309377402067184448e-01,-1.162562984973192215e-02,1.405644714832305908e-01
3.047978691756725311e-02,-1.667598076164722443e-02,4.815483838319778442e-02,-8.910698443651199341e-02,-3.084113262593746185e-02,3.079777956008911133e-02,-1.435413490980863571e-02,-6.385894026607275009e-03,-8.353902958333492279e-03,-1.536641642451286316e-02,-6.141631677746772766e-02,-3.271561861038208008e-02,7.682171184569597244e-03,-5.655882996506989002e-04,7.300142198801040649e-02,-3.688139840960502625e-03,-1.549042388796806335e-02,1.584093086421489716e-02,-6.720470637083053589e-02,6.698357872664928436e-03,2.954388596117496490e-02,-5.678304657340049744e-02,-3.839213773608207703e-02,7.590382546186447144e-02,1.087638661265373230e-01,2.139361016452312469e-02,-9.234821423888206482e-03,2.177549526095390320e-02,3.192924335598945618e-02,1.829631440341472626e-02,-2.434284985065460205e-02,-6.854336243122816086e-03,2.171094343066215515e-02,2.688582241535186768e-02,1.374631747603416443e-02,4.742048680782318115e-02,4.278435930609703064e-02,-2.575194276869297028e-02,2.172968164086341858e-02,6.649450957775115967e-02,3.187237679958343506e-02,3.102459572255611420e-02,6.118713645264506340e-04,-2.090938948094844818e-02,-3.828804707154631615e-03,-6.508117169141769409e-02,1.126849558204412460e-02,5.814283713698387146e-02,-2.272411249577999115e-02,4.607137758284807205e-03,3.152880445122718811e-02,-6.438004225492477417e-02,-3.589107887819409370e-03,1.465120259672403336e-02,-4.799912124872207642e-02,-4.829008877277374268e-02,-7.646244764328002930e-02,-1.867482252418994904e-02,-8.901695907115936279e-02,-3.505256026983261108e-02,-4.789579287171363831e-02,-3.563125804066658020e-02,1.959880255162715912e-02,4.072516039013862610e-02,8.683378994464874268e-02,-6.972134113311767578e-02,1.248562894761562347e-02,1.284921821206808090e-02,-6.233303621411323547e-02,-2.275032550096511841e-02,-2.357287332415580750e-02,-2.009195834398269653e-02,9.336267411708831787e-02,7.905355840921401978e-02,-1.979834400117397308e-02,5.515372380614280701e-02,1.182563416659832001e-02,4.184467718005180359e-02,7.418912835419178009e-03,3.793575242161750793e-02,-3.059909678995609283e-02,-1.217358652502298355e-02,2.978864684700965881e-02,1.020348351448774338e-02,2.815753780305385590e-02,-2.363259904086589813e-03,-1.101612579077482224e-03,-6.642183288931846619e-03,-4.122166335582733154e-02,-5.246653780341148376e-02,1.752649806439876556e-02,3.418394178152084351e-02,3.651572391390800476e-03,4.312128201127052307e-02,-2.398820407688617706e-02,-6.394447758793830872e-03,4.435928165912628174e-02,1.574841886758804321e-02,-1.276277564465999603e-02,-3.897342830896377563e-02,1.654524356126785278e-02,5.701728165149688721e-02,-1.581515930593013763e-02,2.715709246695041656e-02,1.306456327438354492e-02,1.781610655598342419e-03,-6.263978779315948486e-03,2.642692252993583679e-02,-6.544913165271282196e-03,2.952989190816879272e-02,6.176928989589214325e-03,7.391385734081268311e-02,4.934867098927497864e-02,-4.204647615551948547e-02,-2.451944351196289062e-02,-2.377922646701335907e-03,-1.566773466765880585e-02,-8.671959862112998962e-03,1.893210597336292267e-02,5.683313682675361633e-02,-8.281548321247100830e-02,2.914541400969028473e-02,2.053514309227466583e-02,1.314468774944543839e-02,-2.453710511326789856e-02,-9.531271457672119141e-02,-2.149676717817783356e-02,7.382013648748397827e-02
2.009776607155799866e-02,5.457513034343719482e-02,1.357384175062179565e-01,-3.544081747531890869e-02,1.059043854475021362e-01,-1.366825122386217117e-02,1.854326389729976654e-02,-5.040444061160087585e-02,-4.137271270155906677e-02,-5.706415697932243347e-02,-9.599718451499938965e-02,-3.762565925717353821e-02,-1.819424517452716827e-02,2.444751188158988953e-02,5.085228756070137024e-02,-2.249981975182890892e-03,-1.003338955342769623e-02,1.309141516685485840e-01,8.864606916904449463e-02,8.089978992938995361e-02,3.818507865071296692e-02,2.278771018609404564e-03,-1.543131619691848755e-01,1.537873297929763794e-01,1.491553634405136108e-01,-4.575509205460548401e-02,-2.927652560174465179e-02,-7.440801709890365601e-02,7.033348083496093750e-05,-8.297990262508392334e-02,1.639534905552864075e-02,9.840140119194984436e-03,-5.880890530534088612e-04,-5.620328336954116821e-02,-2.630591765046119690e-02,1.073060482740402222e-01,2.229592204093933105e-02,-4.496437311172485352e-02,-6.797181069850921631e-02,9.945962578058242798e-02,1.064501609653234482e-02,-9.506296366453170776e-03,-1.141120027750730515e-02,-1.099562421441078186e-01,-1.367881149053573608e-01,-4.160965234041213989e-02,3.677068278193473816e-02,7.175290584564208984e-02,6.881157401949167252e-03,-2.979903481900691986e-02,2.297774516046047211e-02,2.346272813156247139e-03,-8.093495666980743408e-02,1.020241063088178635e-02,-7.239285111427307129e-02,1.697773486375808716e-02,-6.791342794895172119e-02,-5.339102819561958313e-02,-6.632559746503829956e-02,-1.099977176636457443e-02,-4.518644884228706360e-02,4.184780269861221313e-02,1.056384220719337463e-01,8.624764531850814819e-02,1.960320770740509033e-01,-1.869874633848667145e-02,9.082560986280441284e-02,8.221556991338729858e-02,1.386349201202392578e-01,5.309911072254180908e-02,-2.934998273849487305e-02,-5.851671099662780762e-02,1.430230140686035156e-01,8.191147446632385254e-02,2.319896779954433441e-02,1.642452329397201538e-01,7.449997961521148682e-02,8.022417128086090088e-02,-9.135553985834121704e-02,2.720712497830390930e-02,-8.646946400403976440e-02,2.624218910932540894e-02,8.599084615707397461e-02,-2.046266384422779083e-02,2.881602011620998383e-02,6.502834148705005646e-03,-1.039804145693778992e-02,-1.785216503776609898e-03,-3.695053234696388245e-02,-7.599611580371856689e-02,2.843891084194183350e-02,9.442323446273803711e-02,-9.410685300827026367e-02,3.501699119806289673e-02,-4.554322734475135803e-02,-2.813933789730072021e-02,1.050528734922409058e-01,1.854356229305267334e-01,1.959043182432651520e-02,-1.023515686392784119e-01,-4.344492033123970032e-02,5.350921303033828735e-02,8.348140120506286621e-02,6.609142571687698364e-02,1.257043331861495972e-02,-7.612139731645584106e-02,1.406870484352111816e-01,1.371111124753952026e-01,2.732931263744831085e-02,-2.015737444162368774e-02,3.368556499481201172e-04,1.095642447471618652e-01,7.692929822951555252e-03,-1.946724578738212585e-02,2.354049682617187500e-02,3.939132764935493469e-02,2.303570881485939026e-02,5.006584897637367249e-02,2.762701921164989471e-02,3.927729651331901550e-02,-1.626544445753097534e-01,2.449829690158367157e-02,2.492489479482173920e-02,-5.083367694169282913e-03,-2.599535323679447174e-02,-1.262202113866806030e-01,1.906306855380535126e-02,8.658999949693679810e-02
2.810363471508026123e-02,6.025693565607070923e-02,1.248521432280540466e-01,-7.542636245489120483e-02,6.697118282318115234e-02,1.547169834375381470e-01,8.537163585424423218e-02,1.645169034600257874e-02,4.564582556486129761e-02,-2.836151607334613800e-02,-1.344233155250549316e-01,-2.433921582996845245e-02,1.252347230911254883e-02,-9.250415861606597900e-02,8.171398937702178955e-02,-6.686019897460937500e-02,-5.324472859501838684e-02,2.538394555449485779e-02,1.267889607697725296e-02,7.619762420654296875e-02,-3.424868732690811157e-02,-8.815557509660720825e-02,-8.805740624666213989e-02,1.336228251457214355e-01,1.782533973455429077e-01,-4.720874503254890442e-02,-3.746418282389640808e-02,2.555463276803493500e-02,-3.125805640593171120e-03,-7.241970300674438477e-02,-3.789272531867027283e-02,-5.906953662633895874e-02,5.033502727746963501e-02,-4.281764850020408630e-02,-6.758677959442138672e-02,7.089663296937942505e-02,4.109626635909080505e-02,-6.444869190454483032e-02,-6.084844004362821579e-03,4.516821727156639099e-02,2.088055200874805450e-02,2.710506319999694824e-02,-5.595416296273469925e-03,-3.238170966506004333e-02,-1.866782270371913910e-02,-1.054824665188789368e-01,2.823987416923046112e-02,5.469481647014617920e-02,-4.428280517458915710e-02,5.615643784403800964e-02,4.870286211371421814e-02,-3.188321366906166077e-02,-6.325952708721160889e-02,-3.869620710611343384e-02,-4.108633100986480713e-02,-1.006809771060943604e-01,-7.919210195541381836e-02,-7.470666617155075073e-02,-1.206907331943511963e-01,-1.868945173919200897e-02,-2.325949631631374359e-02,-1.716459728777408600e-02,5.856993794441223145e-02,6.467919796705245972e-02,1.481390893459320068e-01,-2.322890423238277435e-02,7.305422425270080566e-02,7.072564959526062012e-02,2.506100572645664215e-02,4.425728693604469299e-02,-2.842473611235618591e-02,-3.488411754369735718e-02,1.775113046169281006e-01,1.191987320780754089e-01,1.059010997414588928e-01,9.487878531217575073e-02,-3.223517537117004395e-02,3.829679265618324280e-02,1.292868889868259430e-02,3.527842462062835693e-02,-6.726543605327606201e-02,-1.062326226383447647e-02,-4.351708292961120605e-02,-6.713109556585550308e-03,1.041012629866600037e-01,2.333506010472774506e-02,-4.176006838679313660e-02,2.006040886044502258e-02,-6.081392243504524231e-02,-7.690801471471786499e-02,8.416955918073654175e-02,5.635441467165946960e-02,-8.044271916151046753e-02,5.867890082299709320e-03,-4.932988435029983521e-02,9.288132190704345703e-03,4.158242791891098022e-02,1.619426719844341278e-02,-1.554170064628124237e-02,-4.667413607239723206e-02,-7.462279498577117920e-02,2.205487899482250214e-02,-2.881444245576858521e-02,2.230637520551681519e-02,7.449864596128463745e-02,3.184799477458000183e-02,9.253081679344177246e-02,5.284305661916732788e-02,4.428958892822265625e-02,1.672299578785896301e-02,-4.317077808082103729e-03,2.081576175987720490e-02,-1.453749928623437881e-02,-1.515677571296691895e-02,-3.765300661325454712e-02,-1.901575922966003418e-02,1.016462501138448715e-02,1.016158517450094223e-02,-3.142906725406646729e-02,-1.053589209914207458e-02,-1.162683889269828796e-01,7.998613268136978149e-02,1.030758619308471680e-01,7.535462081432342529e-02,4.165044426918029785e-02,-1.533153206110000610e-01,-1.713391207158565521e-02,1.562945842742919922e-01
8.659750968217849731e-02,5.721295624971389771e-02,1.724214851856231689e-01,-1.863310486078262329e-01,4.929206892848014832e-02,1.215514466166496277e-01,1.922001130878925323e-02,-7.329302374273538589e-03,3.979155328124761581e-03,2.504566684365272522e-02,-1.651853621006011963e-01,-8.852016925811767578e-02,-5.651115207001566887e-04,-5.834370478987693787e-02,9.992194175720214844e-02,-5.210896953940391541e-02,1.117108389735221863e-02,5.153389275074005127e-02,3.906828910112380981e-02,1.362977772951126099e-01,5.492595210671424866e-02,-9.546066820621490479e-02,-1.222132742404937744e-01,1.786653101444244385e-01,2.450498640537261963e-01,-2.797120995819568634e-02,1.032077334821224213e-02,1.478233374655246735e-02,3.524827212095260620e-02,-5.734618753194808960e-03,-1.099777501076459885e-02,-7.982145249843597412e-02,4.488715529441833496e-02,-3.066939301788806915e-02,-1.161435544490814209e-01,7.446166127920150757e-02,8.068885654211044312e-02,-1.030702441930770874e-01,3.363213315606117249e-02,6.636849790811538696e-02,2.141070924699306488e-02,7.443826179951429367e-03,-5.788850039243698120e-02,-1.634216867387294769e-02,-5.243895575404167175e-02,-1.225580871105194092e-01,5.174154043197631836e-02,6.642983108758926392e-02,6.077065598219633102e-03,9.146819263696670532e-02,1.022356227040290833e-01,-3.925694525241851807e-02,-5.654462799429893494e-02,-2.787234075367450714e-02,-8.621135354042053223e-02,-1.629812121391296387e-01,-9.900127351284027100e-02,-9.710375964641571045e-02,-2.164492011070251465e-01,-3.516331547871232033e-03,6.131909415125846863e-02,-1.135410647839307785e-02,2.637584879994392395e-02,5.549385771155357361e-02,1.423514187335968018e-01,-7.727681845426559448e-02,9.021126665174961090e-03,7.328920811414718628e-02,1.224009506404399872e-02,6.733585894107818604e-02,-3.861350938677787781e-02,-7.820019125938415527e-02,2.356215417385101318e-01,1.261020153760910034e-01,1.386044770479202271e-01,1.716909706592559814e-01,-5.366154387593269348e-02,1.142542287707328796e-01,-4.390210844576358795e-03,3.875563293695449829e-02,-6.445207446813583374e-02,-5.164717137813568115e-02,4.591508954763412476e-02,-1.248360238969326019e-02,8.079998195171356201e-02,-5.095532163977622986e-02,-9.476079605519771576e-03,3.225328028202056885e-02,-7.373411208391189575e-02,-8.087038993835449219e-02,1.317212879657745361e-01,9.534224867820739746e-02,-4.187898337841033936e-02,4.771631956100463867e-02,-1.201810128986835480e-02,-3.346176445484161377e-02,1.032540574669837952e-01,5.167154967784881592e-02,8.085354417562484741e-02,-4.882333800196647644e-02,-5.320205539464950562e-02,9.045457839965820312e-02,-8.019542321562767029e-03,6.134044844657182693e-03,2.375653386116027832e-02,-9.853706508874893188e-02,1.243532821536064148e-01,7.463714480400085449e-02,1.681955903768539429e-02,4.431145265698432922e-02,-1.901683397591114044e-02,-6.509092636406421661e-03,8.268252760171890259e-02,-8.561310917139053345e-02,-2.999103441834449768e-02,3.611208871006965637e-02,-2.136617153882980347e-02,-5.970257334411144257e-03,-5.148518458008766174e-02,2.545149438083171844e-02,-1.771523654460906982e-01,8.363405615091323853e-02,9.106025844812393188e-02,6.401927676051855087e-03,-8.141969889402389526e-02,-2.393016517162322998e-01,-5.540784075856208801e-02,1.531424075365066528e-01
1.547606196254491806e-02,2.294438332319259644e-02,1.169850975275039673e-01,-3.952519595623016357e-02,7.845306396484375000e-02,1.150980219244956970e-01,5.240989103913307190e-02,1.350821275264024734e-02,-1.429713610559701920e-02,-2.021130872890353203e-03,-1.131840869784355164e-01,5.967694800347089767e-03,2.997858636081218719e-02,-5.887896195054054260e-02,4.785476624965667725e-02,-9.454716742038726807e-02,-1.450663246214389801e-02,4.187446087598800659e-02,5.067655444145202637e-02,8.306895941495895386e-02,1.356220431625843048e-02,-5.373886600136756897e-02,-8.091431856155395508e-02,1.194163039326667786e-01,1.460449695587158203e-01,-3.457371518015861511e-02,-8.357538841664791107e-03,-3.570334613323211670e-02,-1.476317457854747772e-02,-7.193886488676071167e-02,-1.551181729882955551e-02,-3.522109240293502808e-02,6.735573709011077881e-02,-9.344155900180339813e-03,-3.818013519048690796e-02,6.127980351448059082e-02,4.074890166521072388e-02,-2.524411119520664215e-02,1.268414035439491272e-02,6.391923874616622925e-02,1.069719530642032623e-02,-3.525458276271820068e-02,-3.530279919505119324e-02,1.814494095742702484e-02,1.213422417640686035e-02,-1.076792627573013306e-01,2.788592502474784851e-02,2.581794187426567078e-02,1.301510073244571686e-02,4.449478909373283386e-02,-1.271127723157405853e-03,-4.681889712810516357e-02,-3.605950251221656799e-02,-7.746153045445680618e-03,-5.646688491106033325e-02,-6.437013298273086548e-02,-7.699368894100189209e-02,-4.745769128203392029e-02,-8.346468955278396606e-02,7.164414506405591965e-03,-2.612523175776004791e-02,-3.078688122332096100e-02,2.670007385313510895e-02,5.857352539896965027e-02,9.557545185089111328e-02,1.778481411747634411e-03,4.431885853409767151e-02,6.498525291681289673e-02,4.153893515467643738e-02,5.663131177425384521e-02,-1.633912697434425354e-02,-4.575167596340179443e-02,1.357423216104507446e-01,9.238591045141220093e-02,4.761153459548950195e-02,7.065187394618988037e-02,-4.966906830668449402e-02,2.476370520889759064e-02,2.033421024680137634e-02,3.114937990903854370e-02,-3.469122946262359619e-02,-2.037457562983036041e-02,2.091355994343757629e-02,3.141480311751365662e-02,6.774205714464187622e-02,-2.134132944047451019e-02,-2.986481040716171265e-02,4.324528388679027557e-03,-1.337683759629726410e-02,-7.411699742078781128e-02,7.386204600334167480e-02,2.575772069394588470e-02,-5.835428088903427124e-02,1.943313516676425934e-02,-5.114898085594177246e-03,3.031134977936744690e-02,4.659865796566009521e-02,6.262514740228652954e-02,-1.765845343470573425e-02,-4.820882901549339294e-02,-2.908321097493171692e-02,6.832671817392110825e-03,-3.815725445747375488e-02,3.393193334341049194e-02,1.076414287090301514e-01,4.601475223898887634e-02,2.255521900951862335e-02,2.283188141882419586e-02,5.786205176264047623e-03,-1.090110745280981064e-02,-4.526743665337562561e-02,-1.506837271153926849e-02,-1.297317538410425186e-02,1.072258222848176956e-02,-5.180997308343648911e-03,3.711574152112007141e-02,-3.834470361471176147e-02,-1.338331960141658783e-03,-6.469933316111564636e-03,8.808890357613563538e-03,-8.346787840127944946e-02,6.191423535346984863e-02,6.030709296464920044e-02,3.547064214944839478e-02,-2.959566377103328705e-02,-1.201123073697090149e-01,-4.631135985255241394e-02,1.094047650694847107e-01
1.347543578594923019e-02,3.973473608493804932e-02,1.646637916564941406e-02,2.619945676997303963e-03,6.647339556366205215e-03,-9.628265164792537689e-03,-8.146492764353752136e-03,-2.207411825656890869e-02,-2.233233070001006126e-03,-4.719787742942571640e-03,-2.728333137929439545e-02,-3.072581626474857330e-02,-2.346632815897464752e-02,1.147794816642999649e-02,1.225410029292106628e-02,-9.906145744025707245e-03,-1.932550035417079926e-02,9.720018133521080017e-03,-8.431948721408843994e-03,-1.525688916444778442e-02,4.643406718969345093e-03,-2.228025160729885101e-02,-1.811848208308219910e-02,3.868703916668891907e-02,1.960053294897079468e-02,-4.119759891182184219e-03,-4.370899870991706848e-03,1.152258645743131638e-02,-1.006572972983121872e-03,-8.525581099092960358e-03,-1.482166443020105362e-02,-2.314288169145584106e-02,6.853340892121195793e-04,-7.850276306271553040e-03,-1.913546212017536163e-02,1.022449135780334473e-02,1.587004214525222778e-02,-1.289981417357921600e-02,-1.278893835842609406e-02,2.287411689758300781e-02,-5.830226582475006580e-04,-1.590990647673606873e-02,3.024747362360358238e-03,-1.051971130073070526e-02,-8.338733576238155365e-03,-2.772726118564605713e-02,-1.527874264866113663e-03,2.922432497143745422e-02,6.268836092203855515e-03,-1.952802017331123352e-02,9.915711358189582825e-03,-8.089186623692512512e-03,6.739305332303047180e-03,3.291034325957298279e-02,1.739224977791309357e-02,-1.639215508475899696e-03,-1.556237787008285522e-02,-1.147738192230463028e-02,-2.721867710351943970e-02,-1.193985063582658768e-02,-1.985077187418937683e-02,-1.114542782306671143e-02,-5.061625270172953606e-04,-2.867243485525250435e-03,4.274545237421989441e-02,-4.549322184175252914e-03,-4.786692559719085693e-03,8.428253233432769775e-03,-5.686281365342438221e-04,1.275845617055892944e-02,8.940278552472591400e-03,-3.053758107125759125e-02,2.606540359556674957e-02,4.117192327976226807e-02,2.093679457902908325e-02,1.659726537764072418e-02,1.558904629200696945e-02,1.455963868647813797e-02,1.567932404577732086e-02,1.773171313107013702e-02,-1.361452788114547729e-02,-9.495984762907028198e-03,3.932276740670204163e-03,1.174878608435392380e-02,8.341668290086090565e-04,-8.214317262172698975e-03,-1.025306899100542068e-02,-1.126414537429809570e-02,-3.557035699486732483e-02,-2.157031372189521790e-02,1.797416806221008301e-02,5.788205889984965324e-04,-1.901617832481861115e-02,4.280659835785627365e-03,-9.945003315806388855e-03,7.571849506348371506e-03,3.080525435507297516e-02,2.980791218578815460e-02,-1.967546530067920685e-03,-5.587727762758731842e-03,-2.668700553476810455e-02,2.330716000869870186e-03,-8.610570803284645081e-03,1.301526208408176899e-03,1.980525441467761993e-02,-9.419756941497325897e-03,2.333831042051315308e-02,1.391732040792703629e-02,2.658122451975941658e-03,-2.005455084145069122e-03,8.485441096127033234e-03,1.688701100647449493e-02,-5.477665690705180168e-04,-1.765189878642559052e-02,9.908172301948070526e-03,-1.967235654592514038e-02,-6.224491633474826813e-03,-2.367253415286540985e-03,-1.547990553081035614e-02,-1.225845143198966980e-02,-1.442248933017253876e-02,1.505827065557241440e-02,-6.743208505213260651e-03,1.524687558412551880e-02,-8.677382953464984894e-03,-2.232907339930534363e-02,8.372497744858264923e-03,6.075750663876533508e-02
1.511720847338438034e-02,2.366276644170284271e-02,1.405560597777366638e-02,2.195026958361268044e-03,3.289538435637950897e-03,5.082055926322937012e-03,-5.330124404281377792e-03,-4.323241487145423889e-02,-2.277510613203048706e-02,-8.855169638991355896e-03,-2.627795189619064331e-02,-3.387953713536262512e-02,-1.423772051930427551e-02,9.883528575301170349e-03,5.070046056061983109e-03,-1.572735607624053955e-02,-5.092844367027282715e-03,4.417300689965486526e-03,-3.276962088420987129e-03,-1.159904897212982178e-02,5.688068922609090805e-03,-1.317698881030082703e-02,-7.903439924120903015e-03,2.227003499865531921e-02,1.408278010785579681e-02,-1.953241415321826935e-03,-6.239413050934672356e-04,9.144735522568225861e-03,3.302591852843761444e-03,-1.397116295993328094e-02,-5.289236549288034439e-03,-3.681439906358718872e-02,-1.015187148004770279e-02,3.714812453836202621e-03,-2.132065594196319580e-02,3.087808610871434212e-03,6.031588651239871979e-03,-1.934593729674816132e-02,-2.207108214497566223e-02,2.227584272623062134e-02,9.533382952213287354e-03,-2.007283270359039307e-02,6.683606188744306564e-03,-8.407722227275371552e-03,-4.967588931322097778e-03,-3.257530974224209785e-03,9.831677190959453583e-03,1.110335066914558411e-02,-2.144248969852924347e-02,-7.076920010149478912e-03,1.566109061241149902e-02,-8.801202289760112762e-03,-1.326435338705778122e-02,1.476767286658287048e-02,-3.341095987707376480e-03,-1.470331568270921707e-02,-2.139164134860038757e-02,-4.558352287858724594e-03,-1.741825975477695465e-02,-9.445653297007083893e-03,-1.615243591368198395e-02,-2.566518820822238922e-02,5.176110193133354187e-03,7.709766272455453873e-03,3.879411146044731140e-02,-9.926767088472843170e-03,-1.754684746265411377e-02,2.079833298921585083e-02,1.851045899093151093e-02,2.021193504333496094e-04,4.425287712365388870e-03,-1.554771885275840759e-02,2.132816240191459656e-02,3.351258486509323120e-02,1.872507389634847641e-03,1.482786238193511963e-02,8.440411649644374847e-03,1.037581171840429306e-02,1.175921410322189331e-02,-9.576921351253986359e-03,-1.293566077947616577e-02,7.462869398295879364e-03,1.548777148127555847e-02,-1.567697152495384216e-02,-3.162920475006103516e-04,-1.004268694669008255e-02,-3.361837938427925110e-03,6.415278650820255280e-03,-1.696146652102470398e-02,-3.113538585603237152e-02,1.825570687651634216e-02,-1.604855060577392578e-04,7.517374586313962936e-03,5.998240783810615540e-03,-1.591077260673046112e-02,-3.172803902998566628e-03,1.886489428579807281e-02,8.307533338665962219e-03,6.596856284886598587e-03,-1.475332886911928654e-03,-1.822338253259658813e-02,-7.088213693350553513e-03,-1.433432102203369141e-02,-1.518754870630800724e-03,8.074434474110603333e-03,1.005827914923429489e-03,1.594047807157039642e-02,2.411710843443870544e-02,-5.477909464389085770e-03,-2.309019910171627998e-03,4.826954565942287445e-03,1.735804788768291473e-02,2.035431750118732452e-02,-7.070869207382202148e-03,5.314955022186040878e-03,-2.098977565765380859e-04,-3.302979050204157829e-03,-3.721994580700993538e-03,-1.230359356850385666e-02,-1.413394045084714890e-02,-3.737671300768852234e-02,-1.128583564423024654e-03,-1.680513843894004822e-02,-4.051602911204099655e-03,-1.693783444352447987e-03,-2.007839269936084747e-03,7.884100079536437988e-03,5.382090806961059570e-02
1.259051635861396790e-02,5.340769514441490173e-02,1.493334323167800903e-01,-4.301734268665313721e-02,1.448928117752075195e-01,1.402534544467926025e-01,7.720358669757843018e-02,-6.495528668165206909e-02,3.140873089432716370e-02,4.617509990930557251e-02,-1.097602397203445435e-01,-9.661760181188583374e-03,5.418266355991363525e-02,-7.869555056095123291e-02,6.040798872709274292e-02,-2.379111200571060181e-02,5.809053033590316772e-02,5.697382241487503052e-02,8.479726314544677734e-02,8.520249277353286743e-02,1.069645024836063385e-02,-8.242028206586837769e-02,-9.478437155485153198e-02,1.975310593843460083e-01,2.258106768131256104e-01,1.276790280826389790e-03,-2.441451326012611389e-02,2.610093168914318085e-02,2.445004507899284363e-02,-9.439469873905181885e-02,-3.663549944758415222e-02,-4.882279783487319946e-02,6.809880584478378296e-02,-6.762698292732238770e-02,-4.906165972352027893e-02,1.082915887236595154e-01,3.356500342488288879e-02,-8.479411154985427856e-02,-9.366869926452636719e-05,1.159366592764854431e-01,9.622413665056228638e-02,-2.291287109255790710e-02,1.100379414856433868e-02,-1.635015197098255157e-02,-1.000550314784049988e-01,-1.366124749183654785e-01,3.810169547796249390e-02,9.709510952234268188e-02,1.852473244071006775e-02,6.689754128456115723e-02,1.065262705087661743e-01,-4.283886030316352844e-02,-1.532777100801467896e-01,-3.405811637639999390e-02,-5.632261931896209717e-02,-9.406258910894393921e-02,-1.270904690027236938e-01,-5.664046108722686768e-02,-1.293404549360275269e-01,-2.484882436692714691e-02,-5.010294541716575623e-02,-2.324227802455425262e-02,4.366536810994148254e-02,1.785109192132949829e-02,2.240324020385742188e-01,-1.565963029861450195e-02,1.139326170086860657e-01,9.273388236761093140e-02,4.988085106015205383e-02,1.080039739608764648e-01,-2.220349013805389404e-02,-7.952727377414703369e-02,2.210963517427444458e-01,1.505385786294937134e-01,1.112776547670364380e-01,1.401704549789428711e-01,-6.380778551101684570e-02,8.652273565530776978e-02,-2.683144249022006989e-02,3.831836581230163574e-02,-5.910531803965568542e-02,-3.448271751403808594e-02,-1.327755302190780640e-02,-2.009288221597671509e-02,7.506694644689559937e-02,-7.052166014909744263e-02,-8.016871660947799683e-02,-1.249942649155855179e-02,-7.072126120328903198e-02,-1.552057862281799316e-01,1.103203743696212769e-01,4.404030367732048035e-02,-5.399762466549873352e-02,2.934750914573669434e-02,2.683103084564208984e-04,-1.725263893604278564e-02,8.627600967884063721e-02,9.146792441606521606e-02,-4.479760304093360901e-02,-9.518705308437347412e-02,-6.945097446441650391e-02,5.519294366240501404e-02,1.375573314726352692e-02,-8.475636132061481476e-03,1.227106526494026184e-01,1.454086694866418839e-02,3.569512814283370972e-02,4.727386310696601868e-02,2.652955055236816406e-02,4.093564115464687347e-03,-7.498464733362197876e-02,1.586288958787918091e-02,2.869560010731220245e-02,1.947877369821071625e-02,2.592381834983825684e-02,6.838351488113403320e-02,1.862840726971626282e-02,2.934173308312892914e-02,-6.610683351755142212e-02,3.326415643095970154e-02,-1.051165610551834106e-01,7.263051718473434448e-02,7.361718267202377319e-02,5.076172202825546265e-02,-2.784545347094535828e-02,-1.888695508241653442e-01,6.233104504644870758e-03,1.994824111461639404e-01
2.738485112786293030e-02,7.544932514429092407e-02,1.614339053630828857e-01,-1.196860000491142273e-01,1.043962016701698303e-01,1.535498350858688354e-01,-1.729786582291126251e-02,-3.898056969046592712e-02,-5.556823685765266418e-03,5.905809998512268066e-02,-9.418966621160507202e-02,-3.021613135933876038e-02,2.492927201092243195e-02,-1.946852728724479675e-02,9.142404794692993164e-02,-2.664358355104923248e-02,5.379487946629524231e-02,8.081019669771194458e-02,3.533956408500671387e-02,8.868670463562011719e-02,3.845956921577453613e-02,-1.058824919164180756e-02,-2.563147246837615967e-02,1.824495494365692139e-01,2.088917493820190430e-01,2.276450209319591522e-02,4.191399738192558289e-02,-2.125175297260284424e-02,3.823608160018920898e-02,-1.152288448065519333e-02,-2.413545921444892883e-02,-1.140189543366432190e-01,1.752986572682857513e-02,-8.013664186000823975e-02,-8.554077893495559692e-02,1.209771111607551575e-01,7.217853516340255737e-02,-5.948366597294807434e-02,2.029074728488922119e-02,9.813637286424636841e-02,3.214324265718460083e-02,-2.125091850757598877e-02,-3.581148013472557068e-02,-1.850223913788795471e-02,-6.574644893407821655e-02,-8.328942209482192993e-02,8.845230191946029663e-02,1.068282946944236755e-01,3.869986534118652344e-02,8.236188441514968872e-02,1.288184374570846558e-01,-5.390955135226249695e-02,-1.003063917160034180e-01,-1.924694143235683441e-02,-4.177045449614524841e-02,-8.255714923143386841e-02,-1.121105477213859558e-01,-3.108789585530757904e-02,-1.469083130359649658e-01,-1.284022070467472076e-02,2.705095335841178894e-02,-4.940975923091173172e-03,-2.536583878099918365e-02,9.504538029432296753e-03,1.849845349788665771e-01,-8.065865188837051392e-02,1.091175749897956848e-01,1.147790774703025818e-01,4.495542123913764954e-02,1.293545067310333252e-01,2.627122402191162109e-02,-6.884162127971649170e-02,1.996932029724121094e-01,1.362138539552688599e-01,1.554452180862426758e-01,1.626864075660705566e-01,-2.796906419098377228e-02,1.009380891919136047e-01,2.186220884323120117e-02,4.651819169521331787e-02,-2.012362331151962280e-02,-3.641936928033828735e-02,-3.582457453012466431e-02,-6.844034790992736816e-02,3.737284243106842041e-02,-4.248946905136108398e-02,-3.108229488134384155e-02,-7.338958326727151871e-03,-6.780532747507095337e-02,-5.219527333974838257e-02,1.299001574516296387e-01,1.983814127743244171e-02,-5.706620961427688599e-02,7.551271468400955200e-02,5.233412981033325195e-02,2.406165190041065216e-02,4.898599162697792053e-02,7.076541334390640259e-02,1.598558574914932251e-02,-9.694885462522506714e-02,-4.872019961476325989e-02,8.178119361400604248e-02,-5.478434264659881592e-02,1.946444809436798096e-02,5.037013813853263855e-02,-4.627419263124465942e-02,4.943057522177696228e-02,4.783359169960021973e-02,3.766830638051033020e-02,7.532899081707000732e-02,-1.079575419425964355e-01,-2.790888026356697083e-02,1.341908122412860394e-03,3.836714103817939758e-02,-2.773985452950000763e-02,1.825540699064731598e-02,3.195055946707725525e-02,4.698078334331512451e-02,-7.071054726839065552e-02,6.896936148405075073e-02,-1.403943151235580444e-01,4.933217540383338928e-02,9.566844254732131958e-02,6.409393996000289917e-02,-7.943067699670791626e-02,-1.644317209720611572e-01,-5.254891514778137207e-02,1.814013570547103882e-01
9.298025630414485931e-03,6.458114087581634521e-02,1.370197087526321411e-01,-4.997051134705543518e-02,1.410056948661804199e-01,9.069993346929550171e-02,3.348373621702194214e-02,-7.352880388498306274e-02,3.396628051996231079e-02,7.184064388275146484e-02,-9.244878590106964111e-02,3.500953782349824905e-03,7.310821115970611572e-02,-6.194668635725975037e-02,5.990853160619735718e-02,-4.723345115780830383e-02,5.599773675203323364e-02,7.688294351100921631e-02,8.421353250741958618e-02,7.154586911201477051e-02,2.778767980635166168e-02,-8.641459047794342041e-02,-5.771352350711822510e-02,1.690649092197418213e-01,1.558536291122436523e-01,-2.172718010842800140e-02,-2.184356190264225006e-02,4.874990135431289673e-02,2.453400939702987671e-02,-9.047638624906539917e-02,-3.811814635992050171e-02,-1.015262976288795471e-01,3.027053177356719971e-02,-6.801912933588027954e-02,-2.786852791905403137e-02,1.172521635890007019e-01,1.278393343091011047e-02,-9.168010950088500977e-02,-4.796139150857925415e-02,9.747217595577239990e-02,9.119511395692825317e-02,1.478164107538759708e-03,2.577723003923892975e-02,-1.355597749352455139e-02,-1.448595821857452393e-01,-1.023674607276916504e-01,7.535534352064132690e-02,9.471588581800460815e-02,-1.354945078492164612e-02,2.410761266946792603e-02,3.627811372280120850e-02,-9.291049838066101074e-02,-1.690004914999008179e-01,-5.586639046669006348e-02,-4.033533111214637756e-02,-1.157642751932144165e-01,-9.761968255043029785e-02,-8.209031820297241211e-02,-1.199702471494674683e-01,-1.615273393690586090e-02,-3.096356056630611420e-02,-3.139280527830123901e-02,4.343867674469947815e-02,1.340136025100946426e-02,2.148456573486328125e-01,-3.226017951965332031e-02,1.240277588367462158e-01,9.217959642410278320e-02,4.542030394077301025e-02,1.058432161808013916e-01,1.778826117515563965e-02,-8.532802760601043701e-02,1.909921318292617798e-01,1.528360545635223389e-01,1.461019366979598999e-01,1.443764120340347290e-01,-1.222165022045373917e-02,8.525264263153076172e-02,-1.113857422024011612e-02,4.736396297812461853e-02,-5.354089289903640747e-02,-5.275676492601633072e-03,-2.165690809488296509e-02,-2.811503782868385315e-02,9.969217330217361450e-02,-1.821039011701941490e-03,-6.003933399915695190e-02,1.756153441965579987e-02,-3.301454335451126099e-02,-1.162095144391059875e-01,8.863234519958496094e-02,4.007938876748085022e-02,-6.610113382339477539e-02,4.204314202070236206e-02,-1.542864833027124405e-03,-1.228093402460217476e-03,7.030168175697326660e-02,3.778330236673355103e-02,-2.831435017287731171e-02,-7.249031960964202881e-02,-5.292386189103126526e-02,7.071212679147720337e-02,2.590323798358440399e-02,-2.402343600988388062e-02,9.702534973621368408e-02,-8.841431699693202972e-03,4.882369562983512878e-02,6.660026311874389648e-02,6.002710014581680298e-02,1.346155069768428802e-02,-3.488643839955329895e-02,4.445240646600723267e-02,9.526828303933143616e-03,5.198312550783157349e-02,4.751531779766082764e-02,3.214351087808609009e-02,-4.490345250815153122e-03,-1.620079204440116882e-02,-9.246019273996353149e-02,5.857073888182640076e-02,-1.079079806804656982e-01,6.229177117347717285e-02,1.063815876841545105e-01,5.701642483472824097e-02,-2.449296228587627411e-02,-1.666827350854873657e-01,2.098031714558601379e-02,2.093751877546310425e-01
-1.156269921921193600e-03,5.860230699181556702e-02,7.783357799053192139e-02,-5.926744267344474792e-02,9.691488742828369141e-02,1.171704158186912537e-01,-4.597674310207366943e-02,1.925420947372913361e-02,1.016487851738929749e-01,-1.574076153337955475e-02,-1.286100149154663086e-01,6.036909297108650208e-02,-1.727161556482315063e-02,2.526719868183135986e-02,9.460236877202987671e-02,-3.175686299800872803e-02,3.720517084002494812e-02,9.236627072095870972e-02,-2.113828994333744049e-02,5.379348248243331909e-02,1.304142922163009644e-01,-7.474133372306823730e-02,-6.492098420858383179e-02,1.275922805070877075e-01,1.681990325450897217e-01,2.263132296502590179e-02,-2.755723893642425537e-03,-1.182147711515426636e-01,1.710986904799938202e-02,-7.968561351299285889e-02,1.018923670053482056e-01,4.303783923387527466e-02,3.604744374752044678e-02,-1.813895069062709808e-02,7.785222027450799942e-03,1.622664332389831543e-01,-1.225866004824638367e-02,-2.799005806446075439e-02,-5.886452645063400269e-02,1.581166237592697144e-01,1.775155588984489441e-02,4.845781624317169189e-02,-3.879277035593986511e-02,-1.845483854413032532e-02,-2.295528501272201538e-01,-5.652418732643127441e-02,-9.656873531639575958e-03,-2.622223272919654846e-02,2.545855380594730377e-02,2.830211073160171509e-02,3.401304408907890320e-02,-7.296464592218399048e-02,-2.160391584038734436e-02,-6.579780019819736481e-03,-1.366649381816387177e-02,-5.279044155031442642e-03,1.602866873145103455e-02,-1.661710813641548157e-02,-1.124113574624061584e-01,-9.253057651221752167e-03,-3.094912320375442505e-02,7.538995146751403809e-02,8.987381309270858765e-02,9.283038228750228882e-02,2.188789546489715576e-01,-5.472559481859207153e-02,-8.217690628953278065e-04,1.123126074671745300e-01,8.919772505760192871e-02,8.739396184682846069e-02,2.372147329151630402e-02,4.665459971874952316e-03,2.439372390508651733e-01,1.616056114435195923e-01,-1.817045500501990318e-03,5.697165429592132568e-02,1.347343809902667999e-02,1.296591907739639282e-01,-3.287887573242187500e-02,4.778060317039489746e-02,-1.106687821447849274e-02,9.384251385927200317e-02,1.675600744783878326e-02,1.059911102056503296e-01,2.786052040755748749e-02,-1.856676675379276276e-02,-1.678255572915077209e-02,5.608730390667915344e-02,-5.212524533271789551e-02,-1.134817823767662048e-01,5.755107477307319641e-02,8.895465731620788574e-02,-7.589403539896011353e-02,1.891506463289260864e-02,-6.895925104618072510e-02,-4.543862491846084595e-02,3.036625869572162628e-02,1.307907849550247192e-01,3.841838613152503967e-02,-9.426937997341156006e-02,2.224575541913509369e-02,8.450848609209060669e-02,-2.025324292480945587e-02,2.760027721524238586e-02,8.500639349222183228e-03,-4.224115610122680664e-02,8.179382234811782837e-02,2.056147716939449310e-02,1.014018990099430084e-02,1.993144676089286804e-02,-3.251231834292411804e-02,9.940005838871002197e-02,4.691842198371887207e-02,-5.308668687939643860e-02,-4.927937313914299011e-02,9.693496860563755035e-03,4.484798759222030640e-02,2.343311905860900879e-02,-2.918897941708564758e-02,9.911787509918212891e-02,-1.308975368738174438e-01,6.849478185176849365e-02,1.350806374102830887e-02,1.997899077832698822e-02,-6.231691688299179077e-02,-1.036016270518302917e-01,6.482159346342086792e-02,1.424078792333602905e-01
2.664489485323429108e-02,-3.916824609041213989e-02,6.582410633563995361e-02,-1.114004775881767273e-01,2.175106853246688843e-02,1.038183420896530151e-01,-2.826891373842954636e-03,-2.037382870912551880e-02,2.719920128583908081e-02,7.368221879005432129e-03,-6.955006718635559082e-02,-9.184011258184909821e-03,-7.486322429031133652e-03,1.911296881735324860e-02,6.266789138317108154e-02,-5.766427144408226013e-02,8.083583787083625793e-03,7.145787030458450317e-02,-2.529913559556007385e-03,4.091256856918334961e-02,4.105327278375625610e-02,-1.117428988218307495e-01,-9.386655688285827637e-02,1.530451476573944092e-01,2.128541618585586548e-01,7.154224812984466553e-02,1.501648337580263615e-03,4.940738528966903687e-02,3.254848718643188477e-02,2.429891750216484070e-02,-4.743770509958267212e-02,-5.404576286673545837e-02,3.347501531243324280e-02,1.042009331285953522e-02,3.167260671034455299e-03,1.009006425738334656e-01,6.155764311552047729e-02,-2.872299589216709137e-02,3.187678381800651550e-02,6.873504072427749634e-02,2.774059958755970001e-02,-1.585356518626213074e-02,2.685240842401981354e-02,-3.584013879299163818e-02,-6.836631149053573608e-02,-1.151827797293663025e-01,6.323233246803283691e-02,1.238749325275421143e-01,-1.973322033882141113e-02,-2.952858246862888336e-02,4.296695441007614136e-02,-1.045514494180679321e-01,-6.804974377155303955e-02,-1.306241936981678009e-02,-6.238329783082008362e-02,-3.202126547694206238e-02,-7.221147418022155762e-02,-5.415455251932144165e-02,-1.871450394392013550e-01,-5.236435681581497192e-02,-5.978164076805114746e-02,-3.890456631779670715e-02,5.257245898246765137e-02,4.141451418399810791e-02,1.886979490518569946e-01,-1.129073724150657654e-01,6.981223076581954956e-02,6.261418759822845459e-02,-5.551276844926178455e-04,4.326855763792991638e-02,-1.444531138986349106e-02,-7.588683813810348511e-02,1.852046251296997070e-01,1.396871358156204224e-01,5.209484696388244629e-02,8.919057250022888184e-02,-2.766278386116027832e-02,3.326272964477539062e-02,-4.406469687819480896e-02,2.387299388647079468e-02,3.704823926091194153e-02,-1.792566478252410889e-02,1.004352141171693802e-02,2.836550958454608917e-02,9.874224662780761719e-02,-2.248938661068677902e-03,1.324861194007098675e-03,-2.885222807526588440e-02,-7.657998800277709961e-02,-5.530810728669166565e-02,9.153069555759429932e-02,5.997065827250480652e-02,-1.472375635057687759e-02,2.564978972077369690e-02,-4.566474631428718567e-02,-3.868868201971054077e-02,5.000005289912223816e-02,3.667267411947250366e-02,-1.759213395416736603e-02,-6.069272011518478394e-02,-1.147607062011957169e-02,9.055977314710617065e-02,-1.319579128175973892e-02,4.074423015117645264e-02,1.620725914835929871e-02,-4.348543658852577209e-02,3.822128754109144211e-03,4.073932394385337830e-02,2.932512015104293823e-02,5.160353705286979675e-02,-1.839135214686393738e-02,5.608308687806129456e-02,9.241049177944660187e-03,-3.350400552153587341e-02,-7.181311957538127899e-03,3.223511576652526855e-02,3.775776550173759460e-02,1.778432913124561310e-02,-2.162798494100570679e-02,6.762924045324325562e-02,-1.126303672790527344e-01,2.519675903022289276e-02,3.637102991342544556e-02,4.216475784778594971e-02,-4.601659253239631653e-02,-1.355349123477935791e-01,2.344991313293576241e-03,1.350251883268356323e-01
-8.820601738989353180e-03,5.400783382356166840e-03,3.658963600173592567e-03,-2.585281617939472198e-02,1.465739961713552475e-02,1.626729406416416168e-02,-1.110713649541139603e-02,-2.987074106931686401e-02,-7.990160025656223297e-03,5.482499022036790848e-03,-3.758286312222480774e-02,4.904141183942556381e-03,-2.153243869543075562e-03,-1.058091875165700912e-02,2.257481962442398071e-02,-2.607326768338680267e-02,-4.514335654675960541e-03,1.612061634659767151e-02,1.288740895688533783e-03,2.723461203277111053e-02,-6.561154499650001526e-03,-2.230801247060298920e-02,-1.498738769441843033e-02,3.470093384385108948e-02,4.709053784608840942e-02,-7.464329246431589127e-03,-2.568928338587284088e-02,-3.426862880587577820e-02,1.995319314301013947e-02,6.322716362774372101e-03,-1.327356137335300446e-02,-6.148381531238555908e-02,2.732716966420412064e-03,1.169044058769941330e-02,-4.920546337962150574e-02,-6.656100507825613022e-03,1.351771783083677292e-02,-5.917243659496307373e-02,7.266399916261434555e-04,-3.653539577499032021e-03,-3.494278062134981155e-03,9.285897016525268555e-03,-1.892811246216297150e-02,-2.715935744345188141e-02,-2.648356929421424866e-02,-2.492721937596797943e-02,8.094729855656623840e-03,3.747138008475303650e-02,-9.575370699167251587e-03,-2.655921317636966705e-02,2.183727733790874481e-02,9.354020468890666962e-03,1.402455940842628479e-02,1.216327585279941559e-02,-5.128989741206169128e-02,-1.941588707268238068e-02,-3.642862290143966675e-02,-5.325117614120244980e-03,-1.714576967060565948e-02,-6.012366618961095810e-03,2.234961837530136108e-03,2.031084848567843437e-03,-2.697948180139064789e-02,2.665180340409278870e-02,6.141970679163932800e-02,-1.856736280024051666e-02,3.488420695066452026e-02,3.073373436927795410e-02,2.540324814617633820e-02,2.021901309490203857e-02,9.894136339426040649e-03,-2.099697105586528778e-02,4.568329825997352600e-02,2.156566828489303589e-02,2.422472275793552399e-02,3.035256080329418182e-02,-2.626154758036136627e-02,3.480669483542442322e-02,-2.324177511036396027e-02,2.879517339169979095e-02,-4.703776165843009949e-02,-2.897503226995468140e-02,-4.707837477326393127e-03,-4.891177173703908920e-03,-4.484027158468961716e-03,-3.419019281864166260e-02,-9.477628394961357117e-03,4.174476023763418198e-03,-4.156113043427467346e-02,-2.929352596402168274e-02,2.580793574452400208e-02,3.947758674621582031e-02,-1.618011295795440674e-02,3.478527069091796875e-04,-1.104312855750322342e-02,1.445827260613441467e-02,1.766598783433437347e-02,3.266941383481025696e-02,-1.989385299384593964e-02,-1.043466571718454361e-02,-2.894094912335276604e-03,1.009463798254728317e-03,-8.751585148274898529e-03,1.374995429068803787e-02,2.698609232902526855e-02,2.253677230328321457e-03,2.965489029884338379e-02,7.200145628303289413e-03,2.992948517203330994e-03,-7.512903772294521332e-03,1.629619277082383633e-03,-1.840112498030066490e-03,-1.761561073362827301e-02,-1.145291887223720551e-02,-7.614792324602603912e-03,-1.385501772165298462e-02,-8.333371020853519440e-03,2.627941593527793884e-02,-6.501999683678150177e-03,-3.639025613665580750e-03,-5.114187300205230713e-02,1.053493842482566833e-02,8.336677215993404388e-03,1.546524651348590851e-02,-7.697429042309522629e-03,-4.830971360206604004e-02,1.460969634354114532e-02,7.296866923570632935e-02
-2.305441722273826599e-02,3.359602391719818115e-02,1.736028194427490234e-01,-1.126573756337165833e-01,8.601579070091247559e-02,1.202901005744934082e-01,2.522251941263675690e-02,7.961252704262733459e-03,5.160029605031013489e-02,2.280557714402675629e-02,-1.588668525218963623e-01,-2.825407870113849640e-02,3.931291773915290833e-02,4.136561474297195673e-04,9.742848575115203857e-02,-6.115419324487447739e-03,6.360352039337158203e-02,4.855048656463623047e-02,2.984239347279071808e-02,7.370983809232711792e-02,-1.048544142395257950e-02,-2.840850874781608582e-02,-8.616467565298080444e-02,1.653420329093933105e-01,2.218031287193298340e-01,1.134302094578742981e-02,2.001059986650943756e-02,-3.781189769506454468e-02,1.380448229610919952e-02,2.955430932343006134e-02,-3.720264136791229248e-02,-1.287759542465209961e-01,2.891479246318340302e-02,-1.141667887568473816e-01,-1.574871689081192017e-02,1.161360293626785278e-01,4.667898267507553101e-02,-7.184289395809173584e-02,3.466450050473213196e-02,8.784273266792297363e-02,4.505526274442672729e-02,-1.818876340985298157e-02,-2.771126292645931244e-02,-8.848826587200164795e-02,-8.811003714799880981e-02,-7.870848476886749268e-02,1.047395095229148865e-01,1.312065124511718750e-01,-1.622939668595790863e-02,2.220938540995121002e-02,1.300362497568130493e-01,-6.641460955142974854e-02,-8.637912571430206299e-02,-2.287590503692626953e-02,-2.890921942889690399e-02,-1.236057281494140625e-01,-1.274934560060501099e-01,-4.593698307871818542e-02,-1.626637876033782959e-01,-6.420493591576814651e-03,1.272466592490673065e-02,4.435796663165092468e-02,4.055848717689514160e-02,5.165337352082133293e-04,1.859935373067855835e-01,-7.908074557781219482e-02,9.120114892721176147e-02,8.386727422475814819e-02,4.807303845882415771e-02,8.339134603738784790e-02,3.121189959347248077e-02,-4.307701438665390015e-02,1.744898408651351929e-01,1.388873308897018433e-01,1.663007289171218872e-01,1.724468618631362915e-01,-2.584898378700017929e-03,8.134752511978149414e-02,-2.680710703134536743e-02,2.154973149299621582e-02,5.873492453247308731e-03,1.801679842174053192e-02,-3.433590754866600037e-02,-3.653746470808982849e-02,7.766669988632202148e-02,-5.168025195598602295e-02,-1.536570210009813309e-02,6.001181155443191528e-02,-9.770230390131473541e-03,-9.159397333860397339e-03,1.385029107332229614e-01,4.167147353291511536e-02,-6.060667335987091064e-02,7.564235478639602661e-02,5.566582083702087402e-02,4.425103962421417236e-02,2.275672741234302521e-02,7.600120455026626587e-02,3.433679789304733276e-02,-1.137828454375267029e-01,-2.340571396052837372e-02,9.944157302379608154e-02,-3.706258535385131836e-02,1.427470589987933636e-03,1.990844868123531342e-02,-5.429483205080032349e-02,6.477223336696624756e-02,3.110563755035400391e-02,6.356834620237350464e-02,3.754479810595512390e-02,-3.877161070704460144e-02,-1.574767380952835083e-02,-2.268324233591556549e-02,4.475771635770797729e-02,-1.410867366939783096e-02,3.523892164230346680e-02,4.301073960959911346e-03,5.132630839943885803e-02,-5.607498437166213989e-02,7.341159135103225708e-02,-1.525246351957321167e-01,4.130452871322631836e-02,9.140984714031219482e-02,5.722527951002120972e-02,4.492937587201595306e-03,-1.472519338130950928e-01,-3.080549277365207672e-02,1.937360912561416626e-01
-1.485288981348276138e-02,1.452108472585678101e-02,5.352077633142471313e-02,-3.341035544872283936e-02,3.492552414536476135e-02,3.408204764127731323e-02,-6.270109442993998528e-04,-1.199846435338258743e-02,8.743599988520145416e-03,2.134746499359607697e-02,-5.943383648991584778e-02,-7.001970428973436356e-03,2.365135960280895233e-02,-1.308497507125139236e-02,5.124441534280776978e-02,-3.133042901754379272e-02,8.595879189670085907e-03,3.182658553123474121e-02,2.145536057651042938e-02,2.776296250522136688e-02,2.723299432545900345e-03,-2.496356610208749771e-03,-3.397154808044433594e-02,4.705893248319625854e-02,7.105324417352676392e-02,2.843822352588176727e-02,3.730100579559803009e-03,-4.695253446698188782e-02,1.343768183141946793e-02,-1.170271635055541992e-02,-2.787028998136520386e-02,-5.538757517933845520e-02,2.120561338961124420e-02,-3.218039497733116150e-02,-1.633099466562271118e-02,2.790858410298824310e-02,8.516606758348643780e-04,-4.098038002848625183e-02,1.050913333892822266e-02,4.341175407171249390e-02,8.995915763080120087e-03,-1.357626821845769882e-02,-3.143683448433876038e-02,-2.173415012657642365e-02,-2.671958319842815399e-02,-3.354487940669059753e-02,5.788190662860870361e-02,5.030387267470359802e-02,1.283104158937931061e-02,2.316321479156613350e-03,3.109355270862579346e-02,-4.449339210987091064e-02,-5.101913958787918091e-02,-1.610273867845535278e-02,-2.813637256622314453e-04,-3.946759179234504700e-02,-3.536235913634300232e-02,-1.976458914577960968e-02,-6.354041397571563721e-02,-2.882233820855617523e-03,2.045718394219875336e-02,3.704530652612447739e-03,-1.062063965946435928e-02,1.074198167771100998e-02,7.177016139030456543e-02,-4.833749495446681976e-03,3.377641737461090088e-02,2.692933008074760437e-02,1.065469998866319656e-02,3.801167011260986328e-02,-3.812234615907073021e-03,-1.985342428088188171e-02,5.310701206326484680e-02,4.009950160980224609e-02,4.549724236130714417e-02,4.985884949564933777e-02,-2.211251668632030487e-02,1.478841155767440796e-02,-2.720491774380207062e-02,7.790026720613241196e-04,-4.726701881736516953e-03,-1.942798309028148651e-02,-2.971513010561466217e-02,-1.973816566169261932e-02,6.065491959452629089e-02,-1.458633597940206528e-02,1.121431123465299606e-03,1.364256534725427628e-02,-3.606839803978800774e-03,7.276673801243305206e-03,4.046410322189331055e-02,-1.444707065820693970e-02,-3.451406210660934448e-02,8.167324122041463852e-04,-1.212942507117986679e-02,-1.617323234677314758e-02,2.865304425358772278e-02,3.689946234226226807e-02,2.996256574988365173e-03,-3.794787079095840454e-02,1.674799248576164246e-03,3.139711916446685791e-02,-2.202261798083782196e-02,-1.274492777884006500e-02,2.786230854690074921e-02,-3.122851252555847168e-02,3.818731289356946945e-03,1.430273707956075668e-02,-8.278240449726581573e-03,-2.587134018540382385e-02,-4.545385017991065979e-02,-2.047076821327209473e-02,2.824328374117612839e-03,2.097984030842781067e-02,-9.961123578250408173e-04,2.942427620291709900e-02,-1.275961846113204956e-02,1.037318911403417587e-02,-5.844364687800407410e-02,1.762225478887557983e-02,-4.672486707568168640e-02,7.965991273522377014e-03,3.546359390020370483e-02,1.969455182552337646e-02,-1.391076482832431793e-02,-6.353833526372909546e-02,-1.075405068695545197e-02,8.402810990810394287e-02
1.834722980856895447e-02,6.556001305580139160e-02,1.582363843917846680e-01,-1.153778806328773499e-01,1.383236795663833618e-01,1.220167502760887146e-01,1.202463405206799507e-03,2.079711109399795532e-02,2.939634397625923157e-02,2.869517728686332703e-02,-8.899646997451782227e-02,-1.457704044878482819e-02,4.985421895980834961e-02,-2.339040488004684448e-02,4.796703904867172241e-02,-7.529396563768386841e-02,4.186767712235450745e-02,6.899398565292358398e-02,-3.888080362230539322e-03,9.071806073188781738e-02,-1.082857698202133179e-02,-6.471796333789825439e-02,-6.819583475589752197e-02,1.401432007551193237e-01,2.033881545066833496e-01,3.390014171600341797e-04,1.886802166700363159e-02,-7.030655443668365479e-02,-6.585591472685337067e-03,3.361829370260238647e-02,-7.746719755232334137e-03,-1.317019164562225342e-01,3.682073950767517090e-02,-1.305023878812789917e-01,-3.978559002280235291e-02,1.287624686956405640e-01,9.964667260646820068e-02,-4.183739051222801208e-02,6.909040361642837524e-02,7.559755444526672363e-02,1.745347492396831512e-02,-3.810484707355499268e-02,-5.839812010526657104e-02,-1.844128407537937164e-02,1.015007030218839645e-03,-9.916245192289352417e-02,1.309883892536163330e-01,1.421722769737243652e-01,6.104183848947286606e-03,6.629099696874618530e-02,1.103106141090393066e-01,-1.118606552481651306e-01,-1.152972579002380371e-01,-7.590891420841217041e-02,-4.219944775104522705e-02,-1.106904149055480957e-01,-1.225117444992065430e-01,-6.088019162416458130e-02,-1.560604423284530640e-01,8.034622296690940857e-03,1.444331649690866470e-02,2.942448295652866364e-02,2.024391666054725647e-02,-2.555492892861366272e-02,1.684395223855972290e-01,-8.196410536766052246e-02,8.666947484016418457e-02,8.554037660360336304e-02,5.665840581059455872e-02,9.116302430629730225e-02,1.622198498807847500e-03,-2.338018640875816345e-02,1.897921115159988403e-01,1.243018209934234619e-01,1.726342886686325073e-01,1.362761408090591431e-01,-2.605670690536499023e-02,9.469130635261535645e-02,-3.985166549682617188e-04,9.682619012892246246e-03,-3.619290143251419067e-02,-6.884451955556869507e-02,-3.385873138904571533e-02,-5.267606303095817566e-02,1.219659149646759033e-01,-2.860713005065917969e-02,1.235323864966630936e-02,3.069657646119594574e-02,-3.240775689482688904e-02,-4.064473882317543030e-02,1.129975691437721252e-01,5.848935991525650024e-02,-6.476850807666778564e-02,7.393344491720199585e-02,1.280702464282512665e-02,2.400226145982742310e-02,5.066778883337974548e-02,5.196799710392951965e-02,3.391323611140251160e-02,-1.427542418241500854e-01,-3.969882056117057800e-02,7.811044901609420776e-02,-6.181014701724052429e-02,1.989248208701610565e-02,2.848083898425102234e-02,-6.094925850629806519e-02,8.164072036743164062e-02,3.887457028031349182e-02,2.822700701653957367e-02,3.074775822460651398e-02,-4.593626782298088074e-02,-1.372921559959650040e-02,-1.090954057872295380e-02,4.537596181035041809e-02,2.175663970410823822e-02,9.277497231960296631e-02,2.224110998213291168e-02,4.129676148295402527e-02,-8.324608951807022095e-02,7.542458176612854004e-02,-1.194125935435295105e-01,3.347352519631385803e-02,9.703829139471054077e-02,4.475563764572143555e-02,-2.341554500162601471e-02,-1.711988002061843872e-01,-1.442779228091239929e-02,1.869329959154129028e-01
-4.202340729534626007e-03,4.716580361127853394e-02,1.462675184011459351e-01,-4.825845360755920410e-02,1.235830038785934448e-01,1.265846341848373413e-01,5.587827414274215698e-02,-3.648029267787933350e-02,-4.797197505831718445e-02,5.768999457359313965e-02,-1.276971995830535889e-01,-3.110150247812271118e-02,2.156370133161544800e-02,-3.770098090171813965e-02,8.793777972459793091e-02,-4.277139529585838318e-02,2.103214897215366364e-02,4.428759962320327759e-02,4.179553315043449402e-02,1.199263632297515869e-01,1.566216349601745605e-02,-8.413247764110565186e-02,-1.001301035284996033e-01,1.596316248178482056e-01,1.954726874828338623e-01,4.078478366136550903e-02,9.827624075114727020e-03,3.013958921656012535e-03,-3.130017966032028198e-02,-6.605493277311325073e-02,-3.651556000113487244e-02,-4.924815893173217773e-02,8.498222380876541138e-02,-1.041794847697019577e-02,-8.155957609415054321e-02,9.813976287841796875e-02,3.771243989467620850e-02,-8.994150906801223755e-02,1.265264395624399185e-02,1.014858856797218323e-01,8.578850328922271729e-02,5.507979076355695724e-03,-1.827084086835384369e-02,-3.014484979212284088e-02,-6.996959447860717773e-02,-1.115758568048477173e-01,1.016581878066062927e-01,1.401199847459793091e-01,6.426841486245393753e-03,6.081063300371170044e-02,1.413974463939666748e-01,-1.445979252457618713e-02,-1.153861135244369507e-01,-1.239197421818971634e-02,-3.685862571001052856e-02,-1.009844020009040833e-01,-9.384783357381820679e-02,-5.673670768737792969e-02,-1.408282369375228882e-01,-1.484100054949522018e-02,-2.013723924756050110e-02,-1.982283033430576324e-02,3.069139458239078522e-02,2.024960704147815704e-02,1.782481968402862549e-01,-3.173048421740531921e-02,1.324586272239685059e-01,1.205469369888305664e-01,2.372442372143268585e-02,6.923022121191024780e-02,-3.007002547383308411e-02,-7.172963768243789673e-02,1.619521379470825195e-01,1.350027024745941162e-01,1.021271571516990662e-01,1.201275810599327087e-01,-7.653754949569702148e-02,7.539097964763641357e-02,9.611905552446842194e-03,3.624406084418296814e-02,-8.203056454658508301e-02,-8.379352279007434845e-03,4.995184484869241714e-03,-2.225686796009540558e-02,5.084390938282012939e-02,-6.302485615015029907e-02,-4.179630801081657410e-02,2.136927098035812378e-02,-2.267654053866863251e-02,-1.329626590013504028e-01,1.117189526557922363e-01,4.543421324342489243e-03,-6.697050482034683228e-02,1.668149419128894806e-02,-2.866296097636222839e-02,-6.506112404167652130e-03,7.147364318370819092e-02,1.024047881364822388e-01,-7.291694730520248413e-02,-1.021556332707405090e-01,-2.554233185946941376e-02,3.663985058665275574e-02,-5.949516221880912781e-02,2.686932496726512909e-02,1.162139773368835449e-01,1.630227267742156982e-02,3.828084096312522888e-02,7.613138109445571899e-02,2.796659432351589203e-02,1.028596889227628708e-03,-6.668864190578460693e-02,1.305544655770063400e-02,4.447227343916893005e-02,2.141100540757179260e-02,-1.736475154757499695e-02,7.017089426517486572e-02,-4.484891425818204880e-03,4.555829986929893494e-02,-4.541248083114624023e-02,6.598258763551712036e-02,-1.200636625289916992e-01,4.256615787744522095e-02,5.977600440382957458e-02,3.830444067716598511e-02,1.418277714401483536e-02,-1.543474495410919189e-01,-4.100057855248451233e-02,1.651129126548767090e-01
4.762084037065505981e-02,2.492116950452327728e-02,7.541666924953460693e-02,-1.065271943807601929e-01,7.415872812271118164e-02,6.347487866878509521e-02,-1.568969525396823883e-02,2.479655481874942780e-02,4.323952272534370422e-02,4.772369563579559326e-02,-1.254482865333557129e-01,-4.201889410614967346e-02,1.324876956641674042e-02,-1.094212830066680908e-01,5.695252120494842529e-02,-1.144994199275970459e-01,3.846778720617294312e-02,9.749746322631835938e-02,5.272803828120231628e-02,4.606262594461441040e-02,2.882710890844464302e-03,-1.511697173118591309e-01,-9.323276579380035400e-02,1.738827079534530640e-01,1.921907067298889160e-01,-2.705745864659547806e-03,3.942212462425231934e-02,-5.588115192949771881e-03,-2.109703142195940018e-03,-2.731421403586864471e-02,-1.922406069934368134e-02,-9.473941475152969360e-02,3.492442145943641663e-02,-3.444419801235198975e-02,1.078149583190679550e-02,1.169992238283157349e-01,3.318851441144943237e-02,-5.390592664480209351e-02,4.031271860003471375e-02,7.218211889266967773e-02,3.412417322397232056e-02,-2.580230496823787689e-02,6.731888651847839355e-02,-1.206914428621530533e-02,-9.654783457517623901e-02,-1.078474819660186768e-01,8.650493621826171875e-02,1.027463823556900024e-01,-1.362278126180171967e-02,4.216303303837776184e-02,8.291067928075790405e-02,-8.223578333854675293e-02,-1.237239688634872437e-01,-3.791593760251998901e-02,-1.028900686651468277e-02,-2.580212801694869995e-02,-5.796203762292861938e-02,-1.456464454531669617e-02,-1.178067177534103394e-01,-1.000627130270004272e-02,-4.830501601099967957e-02,-1.006697211414575577e-02,4.153197258710861206e-02,-3.747940063476562500e-04,1.730799525976181030e-01,-7.577925175428390503e-02,1.045177057385444641e-01,8.912862837314605713e-02,4.339890182018280029e-02,8.659029752016067505e-02,-2.224685996770858765e-02,-5.616746097803115845e-02,2.131696194410324097e-01,1.287950277328491211e-01,1.288636326789855957e-01,8.746949583292007446e-02,-3.593791648745536804e-02,5.634169653058052063e-02,-3.169055655598640442e-02,2.658271463587880135e-03,-2.469805814325809479e-02,2.540577761828899384e-02,1.374905928969383240e-02,-2.551400661468505859e-02,1.770075410604476929e-01,3.765660524368286133e-02,-4.728534072637557983e-02,-1.542937383055686951e-02,-4.587532952427864075e-02,-2.557926252484321594e-02,1.071953922510147095e-01,6.022427603602409363e-02,-2.251825295388698578e-02,6.044240295886993408e-02,-4.540245980024337769e-02,-6.862144451588392258e-03,3.891346231102943420e-02,5.205430462956428528e-02,-2.923032967373728752e-03,-4.831312969326972961e-02,-3.720529004931449890e-02,1.309260427951812744e-01,3.054773621261119843e-02,4.264002293348312378e-02,-3.699154034256935120e-02,-5.930358916521072388e-02,7.801506668329238892e-02,8.749835193157196045e-02,5.736580863595008850e-02,4.213069565594196320e-03,-6.104489788413047791e-02,5.359740927815437317e-02,-2.430577017366886139e-02,-1.444853097200393677e-02,-6.201068405061960220e-03,6.641656905412673950e-02,1.537922956049442291e-02,-4.924535169266164303e-04,-7.265082746744155884e-02,8.159703761339187622e-02,-1.061500906944274902e-01,6.567519903182983398e-02,7.240646332502365112e-02,4.761463031172752380e-02,-2.943308651447296143e-02,-1.544013470411300659e-01,3.599205613136291504e-02,2.139138430356979370e-01
-5.233882693573832512e-04,1.735506765544414520e-02,1.161657050251960754e-01,-6.951910257339477539e-02,7.373731583356857300e-02,1.254275888204574585e-01,5.237348005175590515e-02,2.128205075860023499e-02,1.800425909459590912e-02,4.381508566439151764e-03,-1.021809801459312439e-01,-2.923141047358512878e-02,4.094646126031875610e-02,-7.025390863418579102e-02,6.276555359363555908e-02,-7.486391067504882812e-02,8.566109463572502136e-03,4.673286527395248413e-02,4.154491797089576721e-02,7.509861886501312256e-02,1.575056463479995728e-02,-4.485283419489860535e-02,-8.975812792778015137e-02,1.370313167572021484e-01,1.641425043344497681e-01,-3.783982247114181519e-03,-2.603934146463871002e-02,-2.950609847903251648e-02,-1.503532938659191132e-02,-6.896637380123138428e-02,-2.470711432397365570e-02,-4.078645259141921997e-02,6.771149486303329468e-02,4.291596822440624237e-03,-9.200730361044406891e-03,7.933792471885681152e-02,6.012082099914550781e-02,-3.989100828766822815e-02,-6.517170695587992668e-04,8.808576315641403198e-02,6.357606500387191772e-02,-1.150065567344427109e-02,-3.961517661809921265e-02,2.246524905785918236e-03,-2.779652364552021027e-02,-1.165656372904777527e-01,2.943377383053302765e-02,4.846738651394844055e-02,-2.570545300841331482e-02,6.708464026451110840e-02,2.569425478577613831e-02,-2.806012704968452454e-02,-5.665314942598342896e-02,-3.488718345761299133e-02,-5.134681984782218933e-02,-6.930369138717651367e-02,-8.353690057992935181e-02,-3.921386227011680603e-02,-8.739448338747024536e-02,-6.448059808462858200e-03,-1.487052999436855316e-02,-5.812790244817733765e-02,3.802848607301712036e-02,4.552689939737319946e-02,1.154028475284576416e-01,-4.374731704592704773e-02,6.484230607748031616e-02,5.757878348231315613e-02,3.091476112604141235e-02,5.895560979843139648e-02,-3.856512159109115601e-02,-2.297172695398330688e-02,1.552258729934692383e-01,9.477312117815017700e-02,8.502221852540969849e-02,6.927290558815002441e-02,-2.708123810589313507e-02,2.149715460836887360e-02,9.594622068107128143e-03,3.467215225100517273e-02,-4.764201492071151733e-02,1.590552553534507751e-02,-8.836545981466770172e-03,3.730756230652332306e-03,2.555990405380725861e-02,-1.762913540005683899e-02,-1.515123434364795685e-02,1.514083519577980042e-02,-1.217582169920206070e-02,-7.611147314310073853e-02,1.166963651776313782e-01,6.858623772859573364e-02,-7.660064101219177246e-02,2.393983118236064911e-02,-2.303970232605934143e-02,1.814282499253749847e-02,4.520818963646888733e-02,5.245411768555641174e-02,-3.216643631458282471e-02,-5.203441902995109558e-02,-3.212424740195274353e-02,1.894887536764144897e-02,-6.104408949613571167e-02,3.609039634466171265e-02,6.421434134244918823e-02,2.065644599497318268e-02,5.134782940149307251e-02,5.043324828147888184e-02,4.778497386723756790e-03,1.053768023848533630e-02,-6.212958600372076035e-03,1.562301255762577057e-02,-8.060131222009658813e-03,1.052459888160228729e-02,-7.199460174888372421e-03,3.580680489540100098e-02,-2.636247873306274414e-02,-9.640363976359367371e-03,-4.046443104743957520e-02,5.872420035302639008e-03,-9.226103872060775757e-02,6.035769358277320862e-02,5.430830270051956177e-02,3.690199181437492371e-02,4.317048005759716034e-03,-1.328261345624923706e-01,-3.571575507521629333e-02,1.456076055765151978e-01
-1.781784556806087494e-02,6.817076355218887329e-02,1.051881611347198486e-01,-4.954328387975692749e-02,6.108056008815765381e-02,1.356502622365951538e-01,3.969554975628852844e-02,4.470144212245941162e-02,-2.288445457816123962e-02,-6.916779279708862305e-02,-2.094605863094329834e-01,-2.228793688118457794e-02,-4.504384100437164307e-02,2.602605894207954407e-02,1.013334989547729492e-01,-3.534884378314018250e-02,2.029804512858390808e-02,6.877496838569641113e-02,1.088513527065515518e-02,1.171478480100631714e-01,3.293556347489356995e-02,-7.224882394075393677e-02,-1.110971942543983459e-01,2.020795047283172607e-01,2.300902158021926880e-01,-6.749606132507324219e-02,-9.647008962929248810e-03,-8.797040581703186035e-02,2.391105890274047852e-02,-1.419467628002166748e-01,4.531392082571983337e-02,-1.639165543019771576e-02,3.124551475048065186e-02,-6.940111517906188965e-02,-3.034919686615467072e-02,1.307318806648254395e-01,2.477552555501461029e-02,-7.926234602928161621e-02,2.738237380981445312e-04,9.290421754121780396e-02,-6.056931242346763611e-02,-1.077216863632202148e-02,-7.120317220687866211e-02,-6.768225133419036865e-02,-5.818578600883483887e-02,-5.046371743083000183e-02,-1.367498468607664108e-02,1.689457893371582031e-02,6.894358992576599121e-02,-1.763175800442695618e-02,7.022261619567871094e-02,-1.437365263700485229e-02,-5.662519484758377075e-02,3.463675826787948608e-02,-5.274176970124244690e-02,-3.143877536058425903e-02,-9.792872518301010132e-02,-1.293055266141891479e-01,-1.529483944177627563e-01,2.475733170285820961e-03,-8.435763418674468994e-03,5.522803217172622681e-02,7.659190148115158081e-02,1.236492693424224854e-01,2.437265813350677490e-01,-8.722678758203983307e-03,7.886140793561935425e-02,1.687620133161544800e-01,2.031189501285552979e-01,1.549246013164520264e-01,-2.464012801647186279e-02,-9.322326630353927612e-02,1.137958616018295288e-01,9.066884964704513550e-02,4.443334415555000305e-02,1.563947945833206177e-01,3.059454075992107391e-02,1.349758803844451904e-01,4.211733862757682800e-02,1.194686815142631531e-01,-8.799692243337631226e-02,7.689980417490005493e-02,4.143623262643814087e-02,3.746920824050903320e-02,2.508560754358768463e-02,-2.310377359390258789e-02,-1.906779827550053596e-03,9.891144186258316040e-02,-1.702960394322872162e-02,-1.460755150765180588e-02,1.077361330389976501e-01,6.262517720460891724e-02,-4.406623914837837219e-02,6.946513056755065918e-02,5.303780362010002136e-02,6.500244140625000000e-02,8.674975484609603882e-02,1.727393269538879395e-01,1.132639404386281967e-02,-9.578365832567214966e-02,3.288920596241950989e-02,1.036021485924720764e-01,4.825539141893386841e-02,7.086151838302612305e-02,4.678199440240859985e-02,-1.027008425444364548e-02,8.681657165288925171e-02,5.130451917648315430e-02,1.036203727126121521e-01,5.560601875185966492e-02,1.847741776145994663e-03,6.004222109913825989e-02,1.731037721037864685e-02,-2.333080209791660309e-02,-2.539562247693538666e-02,3.101742081344127655e-02,4.686085879802703857e-02,3.511025011539459229e-02,5.776386708021163940e-02,1.038583517074584961e-01,-1.570405066013336182e-01,7.614731788635253906e-02,1.042215004563331604e-01,5.534117668867111206e-02,-7.581294327974319458e-02,-1.800232082605361938e-01,-5.830509215593338013e-02,1.460348963737487793e-01
3.344051167368888855e-02,7.326915860176086426e-02,1.382661014795303345e-01,-9.207434207201004028e-02,8.020891994237899780e-02,1.137277707457542419e-01,3.729290515184402466e-02,-3.767303377389907837e-02,-7.470080628991127014e-03,3.052108734846115112e-02,-1.226803585886955261e-01,1.610166765749454498e-02,7.424180954694747925e-02,-6.422227621078491211e-02,8.389192074537277222e-02,-1.416815072298049927e-01,8.633875288069248199e-03,2.103212103247642517e-02,-2.959212521091103554e-03,9.324828535318374634e-02,3.176469821482896805e-03,-1.147887259721755981e-01,-1.108615174889564514e-01,1.988089829683303833e-01,2.181413322687149048e-01,2.592608146369457245e-02,-2.242707461118698120e-02,2.736344002187252045e-02,-4.222678765654563904e-02,-1.044322028756141663e-01,-3.718692809343338013e-02,-7.344752550125122070e-02,9.713038802146911621e-02,9.582077153027057648e-03,-6.790512800216674805e-02,1.072279289364814758e-01,5.936645343899726868e-02,-4.039807990193367004e-02,1.868781074881553650e-02,1.025763154029846191e-01,4.604466632008552551e-02,2.311607450246810913e-02,-1.424579764716327190e-03,-3.291787579655647278e-02,-1.219316385686397552e-02,-1.172525361180305481e-01,4.912174493074417114e-02,9.053804725408554077e-02,-2.695854566991329193e-02,9.211938083171844482e-02,5.156460031867027283e-02,-2.075320295989513397e-02,-9.083619713783264160e-02,-2.300586551427841187e-02,-7.799635082483291626e-02,-8.390113711357116699e-02,-1.112440526485443115e-01,-7.663900405168533325e-02,-1.852882355451583862e-01,-4.323216620832681656e-03,2.842670120298862457e-02,-4.629206284880638123e-02,7.122599333524703979e-02,7.944265007972717285e-02,2.027744501829147339e-01,-4.515531286597251892e-02,9.980057924985885620e-02,7.850524783134460449e-02,4.754621163010597229e-02,6.589054316282272339e-02,-5.856838822364807129e-02,-1.097085550427436829e-01,1.689412444829940796e-01,1.309523731470108032e-01,4.521128162741661072e-02,1.032620891928672791e-01,-1.035802587866783142e-01,6.938101351261138916e-02,2.401641011238098145e-02,3.282973170280456543e-02,-8.840741217136383057e-02,-4.148377478122711182e-02,-1.723875477910041809e-02,-2.453823760151863098e-02,8.795619755983352661e-02,-2.701185457408428192e-02,-5.939229577779769897e-02,-2.019187249243259430e-02,-6.662440299987792969e-02,-9.940003603696823120e-02,9.812521189451217651e-02,2.434794418513774872e-02,-1.161948814988136292e-01,4.307335615158081055e-02,-3.562964871525764465e-02,-7.899179123342037201e-03,2.678757347166538239e-02,1.687789335846900940e-02,-9.828612953424453735e-02,-5.365826934576034546e-02,-1.738468371331691742e-02,8.172018080949783325e-02,-5.917989462614059448e-02,5.262648314237594604e-02,1.245005726814270020e-01,2.206738851964473724e-02,3.397949784994125366e-02,5.431097000837326050e-02,4.268342629075050354e-02,1.588926091790199280e-02,-3.823135048151016235e-02,4.847895354032516479e-02,4.080302640795707703e-02,-4.580481722950935364e-02,-6.766264140605926514e-02,8.698212914168834686e-03,6.066914647817611694e-02,3.051408939063549042e-02,-3.282707929611206055e-02,2.088242955505847931e-02,-1.027559563517570496e-01,8.169755339622497559e-02,5.592028051614761353e-02,2.749610878527164459e-02,-9.818326681852340698e-03,-1.619886606931686401e-01,-3.342268243432044983e-02,1.511102020740509033e-01
-1.594405248761177063e-02,-1.508043892681598663e-02,9.339216351509094238e-02,-9.564478695392608643e-02,1.243945285677909851e-01,1.591132879257202148e-01,2.584701031446456909e-02,-1.826518028974533081e-02,2.821879088878631592e-02,7.020892202854156494e-02,-1.076893582940101624e-01,1.574841886758804321e-02,6.256245076656341553e-02,-3.984950110316276550e-02,7.409710437059402466e-02,-8.578383177518844604e-02,4.813500493764877319e-02,4.104098677635192871e-02,6.662773340940475464e-02,7.604449987411499023e-02,6.561482325196266174e-03,-7.208214700222015381e-02,-1.008034199476242065e-01,1.757515817880630493e-01,2.157772779464721680e-01,1.067280303686857224e-03,3.249486908316612244e-02,6.238053739070892334e-02,2.056990750133991241e-02,-2.117302268743515015e-02,-1.901325769722461700e-02,-1.161523833870887756e-01,3.395107015967369080e-02,-5.900758132338523865e-02,-4.346107318997383118e-02,1.031333282589912415e-01,6.223388947546482086e-03,-9.834192693233489990e-02,7.567408960312604904e-03,6.356522440910339355e-02,7.731645554304122925e-02,-6.982561200857162476e-02,2.526246197521686554e-02,-3.604232519865036011e-02,-8.673673868179321289e-02,-1.094180792570114136e-01,1.400529444217681885e-01,1.095436662435531616e-01,7.775119505822658539e-03,8.527787402272224426e-03,5.428842082619667053e-02,-1.897250302135944366e-02,-1.023104265332221985e-01,-1.739737391471862793e-02,-2.037573605775833130e-02,-6.965835392475128174e-02,-1.208810135722160339e-01,-6.895747035741806030e-02,-1.512071937322616577e-01,-3.786605084314942360e-03,-1.072100363671779633e-02,-5.691904947161674500e-02,1.475384831428527832e-02,3.554502874612808228e-02,2.316564619541168213e-01,-5.566656216979026794e-02,1.085579544305801392e-01,8.930362761020660400e-02,3.367145732045173645e-02,1.345047503709793091e-01,1.111690979450941086e-02,-8.330916613340377808e-02,1.520865410566329956e-01,1.287282556295394897e-01,1.058868169784545898e-01,1.299036145210266113e-01,-5.310783907771110535e-02,6.938987970352172852e-02,-2.862544171512126923e-02,3.819114714860916138e-02,-2.104013413190841675e-02,-1.306527853012084961e-02,-3.482842445373535156e-02,-3.353350982069969177e-02,1.011641845107078552e-01,-1.508127339184284210e-02,-2.399317361414432526e-02,1.709687896072864532e-02,6.536151748150587082e-03,-7.221718877553939819e-02,9.618559479713439941e-02,-2.410379610955715179e-02,-9.303173422813415527e-02,3.315966576337814331e-02,1.007645856589078903e-03,-2.662830986082553864e-03,6.156836822628974915e-02,2.939696796238422394e-02,-7.510782778263092041e-02,-7.148134708404541016e-02,-2.429319918155670166e-02,9.505176544189453125e-02,1.362272165715694427e-02,3.677148744463920593e-02,9.463599324226379395e-02,-3.846119390800595284e-03,-2.858511405065655708e-03,4.208309948444366455e-02,5.044564232230186462e-02,-3.996410407125949860e-03,-7.027777284383773804e-02,-9.175728075206279755e-03,6.764099933207035065e-03,2.075061015784740448e-02,-4.704980179667472839e-02,2.703784964978694916e-02,3.313609212636947632e-02,-4.990654997527599335e-03,-6.364548951387405396e-02,9.949807822704315186e-02,-9.641543030738830566e-02,3.102138265967369080e-02,9.445102512836456299e-02,4.345324635505676270e-02,-2.794116362929344177e-02,-1.361910700798034668e-01,2.046820707619190216e-03,1.950788646936416626e-01
4.491094872355461121e-02,4.697236791253089905e-02,9.045026451349258423e-02,-6.329345703125000000e-02,7.238259911537170410e-02,1.059115380048751831e-01,1.368624716997146606e-02,1.957101002335548401e-02,-5.958938598632812500e-02,-1.474172063171863556e-02,-1.825087666511535645e-01,-8.922120183706283569e-02,-8.911822736263275146e-02,-4.977281764149665833e-02,6.418855488300323486e-02,-1.015217527747154236e-01,7.100998423993587494e-03,7.461648434400558472e-02,-5.921113863587379456e-02,1.109053343534469604e-01,5.042259767651557922e-02,-4.408241808414459229e-02,-1.064631938934326172e-01,1.254885494709014893e-01,1.954978108406066895e-01,-2.473093941807746887e-02,-4.434369504451751709e-02,-1.218884661793708801e-01,3.739188984036445618e-02,3.417370095849037170e-02,5.829033255577087402e-02,-1.450645364820957184e-02,7.423543930053710938e-02,-3.442624956369400024e-02,-1.077180653810501099e-01,1.094323843717575073e-01,4.308463260531425476e-02,-9.176297485828399658e-02,-2.949052676558494568e-02,1.700340062379837036e-01,1.081552579998970032e-01,6.935393065214157104e-02,-1.103997975587844849e-01,2.318088896572589874e-02,-3.683613240718841553e-02,-3.078003413975238800e-02,-2.551677823066711426e-02,4.762277752161026001e-02,-3.826893493533134460e-02,-1.981031894683837891e-02,6.653813272714614868e-02,-8.145800232887268066e-02,6.790605187416076660e-02,7.232902199029922485e-02,-6.726638972759246826e-02,-1.274909526109695435e-01,-1.522154808044433594e-01,-7.314483821392059326e-02,-1.625324785709381104e-01,4.971354082226753235e-02,1.518597640097141266e-02,1.143668219447135925e-01,1.386872977018356323e-01,1.767490357160568237e-01,2.257162630558013916e-01,-1.091114990413188934e-02,1.152085885405540466e-01,1.341894716024398804e-01,1.908578574657440186e-01,1.361808329820632935e-01,-1.570506766438484192e-02,4.431605339050292969e-05,2.364823520183563232e-01,1.179813817143440247e-01,6.951960176229476929e-02,1.607661396265029907e-01,4.368931427597999573e-02,1.123064607381820679e-01,8.137037605047225952e-02,1.424353271722793579e-01,-1.114454939961433411e-01,2.216926403343677521e-02,8.551858365535736084e-02,8.451437205076217651e-02,3.909492492675781250e-02,-7.368136197328567505e-02,-9.603442251682281494e-02,-2.847395371645689011e-03,-1.409445255994796753e-01,-9.228198230266571045e-02,9.372502565383911133e-02,1.375796496868133545e-01,-7.156119495630264282e-02,4.742539674043655396e-02,5.243781954050064087e-02,7.346020080149173737e-03,-3.548999130725860596e-02,1.053916588425636292e-01,5.070479214191436768e-02,-3.133897110819816589e-02,-4.151721671223640442e-02,4.685282707214355469e-02,-7.646840065717697144e-02,3.107018023729324341e-02,6.676581501960754395e-02,4.441154003143310547e-02,1.288398355245590210e-01,1.304969377815723419e-02,-7.970253936946392059e-03,2.727392129600048065e-02,-1.918786577880382538e-02,6.228951364755630493e-02,5.862107872962951660e-02,-1.303128059953451157e-02,2.306198142468929291e-02,4.554018750786781311e-02,6.675229221582412720e-02,-2.183975093066692352e-02,-4.297114536166191101e-02,1.375198084861040115e-02,-1.507631838321685791e-01,1.336599588394165039e-01,1.455000936985015869e-01,8.935719728469848633e-02,-5.116214603185653687e-02,-2.277169674634933472e-01,-7.047113776206970215e-02,1.435914486646652222e-01
7.505478709936141968e-02,1.110389307141304016e-01,1.845341473817825317e-01,-1.222411617636680603e-01,-1.188126765191555023e-02,1.149388030171394348e-01,-9.598316624760627747e-03,-2.338462695479393005e-02,-2.477004751563072205e-02,-3.303552791476249695e-02,-5.419062823057174683e-02,2.093983255326747894e-02,-3.794107958674430847e-02,-7.753641158342361450e-02,1.202497407793998718e-01,-7.707741111516952515e-02,-1.156523376703262329e-01,5.513105168938636780e-02,4.834851250052452087e-02,1.200081557035446167e-01,4.314695298671722412e-02,-3.106249682605266571e-02,-8.221822977066040039e-02,9.928320348262786865e-02,1.890394389629364014e-01,3.672835975885391235e-02,-2.445263788104057312e-02,6.848762929439544678e-02,7.504465430974960327e-02,1.971972361207008362e-02,1.095909625291824341e-02,-1.562172621488571167e-01,7.402607053518295288e-02,6.279928237199783325e-02,-1.305796355009078979e-01,7.599323987960815430e-02,1.487855017185211182e-01,-5.360674113035202026e-02,5.925473570823669434e-02,9.516163170337677002e-02,-6.184639781713485718e-02,-1.053539514541625977e-01,-8.046989887952804565e-02,-3.542066738009452820e-02,7.951904088258743286e-02,-1.748501360416412354e-01,6.759230047464370728e-02,1.326339095830917358e-01,8.446641266345977783e-03,3.578736912459135056e-03,9.301196038722991943e-02,-7.386207580566406250e-02,4.482157528400421143e-02,2.284519374370574951e-02,-2.343264222145080566e-02,-6.589582562446594238e-02,-5.566091835498809814e-02,-5.169410258531570435e-02,-9.552831947803497314e-02,2.244429104030132294e-02,-3.009756654500961304e-02,-7.891746610403060913e-02,-7.709080819040536880e-03,9.525156021118164062e-02,1.496952176094055176e-01,-1.264349743723869324e-02,3.284050524234771729e-02,4.650730267167091370e-02,-8.552268892526626587e-02,-2.540634386241436005e-02,-5.286727100610733032e-02,2.857976220548152924e-02,1.459935456514358521e-01,1.310876160860061646e-01,8.571209013462066650e-02,1.035896241664886475e-01,-2.215597778558731079e-02,4.414295032620429993e-02,3.186341747641563416e-02,4.532418027520179749e-02,-1.035726591944694519e-01,-8.359818160533905029e-02,-1.052018813788890839e-02,1.057266723364591599e-03,1.098119840025901794e-01,1.882732659578323364e-02,-6.387471407651901245e-02,-4.235815256834030151e-02,-1.008874848484992981e-01,-7.744336128234863281e-02,3.225387260317802429e-02,6.742599606513977051e-02,-9.003352373838424683e-02,2.208463661372661591e-02,6.467847153544425964e-03,4.617501422762870789e-02,1.421956121921539307e-01,1.024532318115234375e-01,-8.765929192304611206e-02,-7.421471178531646729e-02,-5.341819301247596741e-02,9.025390446186065674e-02,-9.973253123462200165e-03,8.082997053861618042e-02,1.138893738389015198e-01,-7.563444972038269043e-02,2.846776880323886871e-02,-1.450219284743070602e-02,1.123976986855268478e-02,5.866580829024314880e-02,-1.123571768403053284e-02,1.659851707518100739e-02,5.956197902560234070e-02,-1.570909097790718079e-02,2.431649155914783478e-02,4.399404674768447876e-02,3.152919188141822815e-02,1.697213202714920044e-02,2.340839616954326630e-02,6.772971898317337036e-02,-1.259391307830810547e-01,8.395723998546600342e-02,1.129578948020935059e-01,9.787019342184066772e-02,1.108845230191946030e-02,-1.708128303289413452e-01,-1.230171322822570801e-01,9.626717865467071533e-02
5.000535771250724792e-02,6.323747336864471436e-02,1.688389629125595093e-01,-1.074319854378700256e-01,3.413214907050132751e-02,8.653900772333145142e-02,4.555419832468032837e-02,2.359381131827831268e-02,3.163253143429756165e-02,-2.019640058279037476e-02,-1.271117925643920898e-01,-1.465942617505788803e-02,3.799750655889511108e-02,6.156162917613983154e-02,8.010714501142501831e-02,-2.098127081990242004e-02,-4.552600439637899399e-03,9.360715746879577637e-02,9.971781820058822632e-02,1.058467924594879150e-01,6.421924103051424026e-03,-2.469585649669170380e-02,-1.360250562429428101e-01,2.073604017496109009e-01,2.176510542631149292e-01,-6.876752525568008423e-02,-4.321736097335815430e-02,-5.473668128252029419e-02,6.675355881452560425e-02,-9.000633656978607178e-02,-1.506438013166189194e-02,-4.325504973530769348e-02,6.900110747665166855e-03,-9.915705770254135132e-02,4.877409432083368301e-03,1.269027590751647949e-01,1.059144288301467896e-01,-3.756747394800186157e-02,-2.070089243352413177e-02,1.258750706911087036e-01,6.349126249551773071e-02,3.694559261202812195e-02,-1.347400341182947159e-02,-6.070082262158393860e-02,-1.473104059696197510e-01,-1.143384799361228943e-01,6.525865942239761353e-02,7.831773161888122559e-02,3.775876713916659355e-03,-1.525203138589859009e-02,7.604587078094482422e-02,-1.722180284559726715e-02,-1.463066488504409790e-01,-4.012303799390792847e-02,-2.215785160660743713e-02,-5.857370421290397644e-02,-5.837492272257804871e-02,-4.928344488143920898e-02,-1.567119061946868896e-01,-8.589413017034530640e-03,-5.725291091948747635e-03,-6.516423076391220093e-03,6.838544458150863647e-02,7.280758768320083618e-02,2.023507952690124512e-01,-6.613659113645553589e-02,1.999611966311931610e-02,1.149285733699798584e-01,1.170259788632392883e-01,1.148412451148033142e-01,4.234363883733749390e-02,-5.961766093969345093e-02,1.785275042057037354e-01,8.849660307168960571e-02,8.844373375177383423e-02,1.777235567569732666e-01,1.000224892050027847e-02,4.731144756078720093e-02,-4.207226634025573730e-02,-1.584155671298503876e-02,-4.142195358872413635e-02,3.610065951943397522e-02,2.986799925565719604e-02,-8.083505928516387939e-02,4.687940701842308044e-02,-2.169947698712348938e-02,2.933607436716556549e-02,2.031395211815834045e-02,-6.566997617483139038e-02,-1.034558638930320740e-01,1.107311025261878967e-01,5.626701191067695618e-02,-1.360273957252502441e-01,3.014469891786575317e-02,-6.119905738160014153e-04,3.392085433006286621e-02,5.900657176971435547e-02,1.323192715644836426e-01,-1.773660071194171906e-02,-1.376464366912841797e-01,7.498063147068023682e-03,1.127201393246650696e-01,-1.163704134523868561e-02,3.466890752315521240e-02,3.828286752104759216e-02,-7.118502259254455566e-02,9.750783443450927734e-02,6.767581403255462646e-02,4.100700467824935913e-02,-7.065177429467439651e-03,-2.360718511044979095e-02,5.189163982868194580e-02,8.475614339113235474e-02,2.992320060729980469e-02,-5.059566721320152283e-02,2.213798649609088898e-02,-1.665643602609634399e-02,2.230959199368953705e-02,-5.457545071840286255e-02,1.928543113172054291e-02,-1.208817288279533386e-01,6.574396044015884399e-02,1.303204298019409180e-01,3.221430629491806030e-02,-3.889382258057594299e-02,-1.531924605369567871e-01,-1.412973925471305847e-02,1.336125135421752930e-01
1.011337060481309891e-02,8.462673053145408630e-03,8.578921109437942505e-02,-1.081976890563964844e-01,8.553689718246459961e-02,3.659517318010330200e-02,8.938222192227840424e-03,-5.504640750586986542e-03,-1.971513591706752777e-02,-3.770887851715087891e-04,-1.092341318726539612e-01,3.604873083531856537e-03,3.295768052339553833e-02,-5.500721186399459839e-02,6.174097210168838501e-02,-6.542608886957168579e-02,3.576426953077316284e-02,9.173510968685150146e-02,1.947034522891044617e-02,1.116807088255882263e-01,5.083707347512245178e-02,-8.769011497497558594e-02,-9.233420342206954956e-02,1.866004317998886108e-01,1.866503506898880005e-01,2.238939329981803894e-02,6.351473741233348846e-03,6.168575957417488098e-02,2.979379706084728241e-02,2.677694335579872131e-02,-7.833349518477916718e-03,-1.007738485932350159e-01,1.303315628319978714e-02,1.482665538787841797e-04,-6.484388140961527824e-04,1.148437559604644775e-01,2.792180702090263367e-02,-3.783362358808517456e-02,2.197829261422157288e-02,6.927688419818878174e-02,-1.468254718929529190e-02,-1.658838614821434021e-02,8.831092156469821930e-03,-3.106625005602836609e-02,-8.351182192564010620e-02,-1.291477382183074951e-01,1.148092821240425110e-01,1.371734887361526489e-01,3.695913404226303101e-02,6.682687252759933472e-02,1.004788577556610107e-01,-6.510651856660842896e-02,-1.081905588507652283e-01,-4.120643064379692078e-02,-4.842162877321243286e-02,-3.851626068353652954e-02,-6.108658015727996826e-02,-3.895021229982376099e-02,-1.359255462884902954e-01,-2.840543910861015320e-02,1.774961873888969421e-02,7.444899063557386398e-03,5.190614610910415649e-02,-6.152045447379350662e-03,1.576796174049377441e-01,-3.938585147261619568e-02,1.223151385784149170e-01,5.413170158863067627e-02,7.125577330589294434e-02,5.609862878918647766e-02,-1.139373891055583954e-02,-2.599964290857315063e-02,1.949053108692169189e-01,1.315306425094604492e-01,1.100315153598785400e-01,1.498574018478393555e-01,-3.138643130660057068e-02,7.926758378744125366e-02,-2.713115140795707703e-02,2.114528790116310120e-02,-7.267227396368980408e-03,-6.014160439372062683e-02,-3.717213869094848633e-02,-5.193619057536125183e-02,1.161426454782485962e-01,-2.555483719334006310e-03,2.485261112451553345e-02,-1.207650452852249146e-02,-7.967549562454223633e-02,-3.654636442661285400e-02,1.072688102722167969e-01,5.029032006859779358e-02,-5.839229375123977661e-02,3.261282294988632202e-02,-4.563893005251884460e-02,-2.371128648519515991e-02,-8.939203107729554176e-04,2.258419990539550781e-02,-3.599586337804794312e-02,-9.530867636203765869e-02,-2.396130561828613281e-02,5.499395728111267090e-02,-2.155050635337829590e-02,7.034751120954751968e-03,-1.049607642926275730e-03,-8.078944683074951172e-02,4.905678331851959229e-02,5.645075812935829163e-02,4.526550322771072388e-02,3.195017203688621521e-02,1.934155821800231934e-02,6.217543035745620728e-02,7.526276167482137680e-04,-4.591431934386491776e-03,-3.516454249620437622e-02,4.281372204422950745e-02,6.232071295380592346e-02,4.199494421482086182e-02,-2.449099905788898468e-02,7.021709531545639038e-02,-1.444978117942810059e-01,4.465281090233474970e-04,5.733069032430648804e-03,3.024015948176383972e-02,4.493355285376310349e-03,-1.140045970678329468e-01,6.778174638748168945e-02,2.085194736719131470e-01
-5.185468122363090515e-03,4.931826144456863403e-02,1.097995489835739136e-01,-5.920585244894027710e-02,1.423090994358062744e-01,8.992726355791091919e-02,5.907476320862770081e-02,-3.555728867650032043e-02,1.364742312580347061e-02,3.320893272757530212e-02,-1.266110241413116455e-01,2.245809417217969894e-03,7.870926707983016968e-02,-2.464796230196952820e-02,6.277814507484436035e-02,-5.259519442915916443e-02,6.234657391905784607e-02,9.079717844724655151e-02,8.647691458463668823e-02,8.493204414844512939e-02,3.163691237568855286e-02,-4.860046878457069397e-02,-9.792488068342208862e-02,1.868973821401596069e-01,1.973415315151214600e-01,1.781495474278926849e-02,1.143509894609451294e-02,4.883944988250732422e-02,8.649431169033050537e-03,-4.458286240696907043e-02,-4.825824499130249023e-02,-9.035564213991165161e-02,3.537099435925483704e-02,-6.858711689710617065e-02,-3.924498334527015686e-02,1.055300459265708923e-01,-1.099867001175880432e-02,-8.869254589080810547e-02,-8.595223538577556610e-03,8.373457938432693481e-02,1.210995167493820190e-01,-2.707388624548912048e-02,2.716903388500213623e-02,-5.210581421852111816e-02,-1.196847110986709595e-01,-1.346125304698944092e-01,7.414800673723220825e-02,1.275605708360671997e-01,3.046830883249640465e-03,4.744400829076766968e-02,4.038219526410102844e-02,-4.098918661475181580e-02,-1.341148763895034790e-01,-2.939780056476593018e-02,-5.546988546848297119e-02,-5.246284976601600647e-02,-1.186722666025161743e-01,-7.305235415697097778e-02,-1.433770358562469482e-01,-1.008324325084686279e-02,-1.459912024438381195e-02,-2.379593625664710999e-02,3.913006931543350220e-02,5.574227776378393173e-03,2.101859450340270996e-01,-1.731198839843273163e-02,1.546209752559661865e-01,1.010581031441688538e-01,3.557637333869934082e-02,1.094737872481346130e-01,2.754861116409301758e-02,-6.603940576314926147e-02,1.749789565801620483e-01,1.358192861080169678e-01,1.117629185318946838e-01,1.156344711780548096e-01,-2.501582354307174683e-02,5.808857455849647522e-02,-2.005963400006294250e-02,4.629687964916229248e-02,-3.462152183055877686e-02,-1.858020387589931488e-02,-1.984329521656036377e-02,-4.105895385146141052e-02,1.074074804782867432e-01,-3.620251268148422241e-02,-7.644545286893844604e-02,1.584769599139690399e-02,-5.053555965423583984e-02,-9.936279058456420898e-02,7.687287777662277222e-02,3.083782456815242767e-02,-3.420436382293701172e-02,3.501687198877334595e-02,-1.454569399356842041e-02,2.838822640478610992e-02,9.371924400329589844e-02,4.918349161744117737e-02,-3.674970194697380066e-02,-1.009233221411705017e-01,-5.095707252621650696e-02,7.609905302524566650e-02,6.135104922577738762e-04,7.172519806772470474e-03,6.442049890756607056e-02,-1.605566404759883881e-02,5.561676621437072754e-02,8.360409736633300781e-02,4.576567560434341431e-02,-8.822003379464149475e-03,-5.200698226690292358e-02,3.318589553236961365e-02,-2.039945125579833984e-02,2.762809209525585175e-02,-5.370356142520904541e-03,6.089608371257781982e-02,1.986581645905971527e-02,-2.965331077575683594e-04,-9.470281749963760376e-02,3.542703762650489807e-02,-1.232498139142990112e-01,6.448495388031005859e-02,8.373561501502990723e-02,3.408934175968170166e-02,-4.491417668759822845e-03,-1.162474676966667175e-01,3.885793685913085938e-02,1.866273134946823120e-01
-3.892212361097335815e-02,4.054801166057586670e-02,5.172867327928543091e-02,-8.398188650608062744e-02,1.101363152265548706e-01,2.573008090257644653e-02,5.611662939190864563e-02,9.215344488620758057e-02,1.132994052022695541e-02,2.098210528492927551e-02,1.298665069043636322e-03,1.639380119740962982e-02,-8.397594839334487915e-02,-5.996849015355110168e-02,1.654594242572784424e-01,-4.298616945743560791e-02,-4.501924291253089905e-02,1.537654735147953033e-02,-2.921494469046592712e-02,-1.148039195686578751e-02,3.822584822773933411e-02,-8.876417763531208038e-03,1.060559228062629700e-02,2.207178622484207153e-01,2.281435579061508179e-01,2.004482783377170563e-02,1.164067611098289490e-01,-3.148997947573661804e-02,-3.719862177968025208e-02,-9.944859892129898071e-02,5.653832480311393738e-02,4.995757713913917542e-02,-2.241679653525352478e-02,-5.702374037355184555e-03,-1.585681177675724030e-02,1.345850825309753418e-01,4.685799777507781982e-02,4.541961476206779480e-03,6.514724344015121460e-03,1.738387793302536011e-01,-2.307788841426372528e-02,-9.460565447807312012e-02,3.233306482434272766e-02,-7.051312178373336792e-02,-1.502034962177276611e-01,-1.268711537122726440e-01,-5.489103496074676514e-02,1.123577430844306946e-01,8.834313601255416870e-02,1.151773054152727127e-02,-3.000978939235210419e-02,-1.156049594283103943e-01,-3.549490496516227722e-02,-2.248825691640377045e-02,-1.630097329616546631e-01,1.575860939919948578e-02,-1.443631388247013092e-02,-6.824863702058792114e-02,-1.192895621061325073e-01,1.471071154810488224e-03,3.608867153525352478e-02,8.695857226848602295e-02,7.636147737503051758e-02,9.760498255491256714e-02,6.226915121078491211e-02,-4.739462456200271845e-04,7.678610086441040039e-02,1.381923165172338486e-02,-5.643307231366634369e-03,5.781946820206940174e-04,-4.310357943177223206e-02,-5.419553443789482117e-02,9.143169969320297241e-02,1.482670009136199951e-02,9.393662214279174805e-02,1.088706851005554199e-01,6.247757701203227043e-04,5.027103051543235779e-02,6.775330007076263428e-02,1.560334768146276474e-02,-4.905148968100547791e-02,5.043291673064231873e-02,-2.334647066891193390e-02,9.474736452102661133e-02,1.403181403875350952e-01,-5.714825540781021118e-02,-3.147509694099426270e-02,5.156878754496574402e-02,2.744345739483833313e-02,-1.126098036766052246e-01,8.533566445112228394e-02,8.805058896541595459e-02,-2.671428211033344269e-02,4.728956148028373718e-02,-4.714474454522132874e-02,-8.803980052471160889e-02,5.556296184659004211e-02,5.514572933316230774e-02,-3.835761919617652893e-02,-7.441879808902740479e-02,5.298680439591407776e-02,5.413488671183586121e-02,-2.854355424642562866e-02,5.876236036419868469e-02,-2.516965195536613464e-02,-1.170176360756158829e-02,1.477590799331665039e-01,9.129389189183712006e-03,5.519499257206916809e-02,4.019034281373023987e-02,-9.315637871623039246e-03,4.221651703119277954e-03,-1.941308751702308655e-02,4.701197519898414612e-02,2.071647346019744873e-02,1.344530135393142700e-01,4.125043749809265137e-02,8.697829395532608032e-02,2.916715294122695923e-02,1.103155165910720825e-01,-1.746936142444610596e-01,8.473493158817291260e-02,6.139770522713661194e-02,9.702118486166000366e-02,2.088767290115356445e-02,-1.293638646602630615e-01,-8.340214192867279053e-02,7.934937626123428345e-02
-2.806310541927814484e-02,6.518809497356414795e-02,1.133771315217018127e-01,-1.031708195805549622e-01,9.290947020053863525e-02,7.443290948867797852e-02,8.589615672826766968e-02,2.829278819262981415e-02,-2.820660732686519623e-02,4.367015510797500610e-02,-8.012909442186355591e-02,2.927646599709987640e-02,5.573914200067520142e-02,-2.584346383810043335e-02,8.330933749675750732e-02,-9.502967447042465210e-02,1.423208857886493206e-03,8.360008150339126587e-02,3.926367312669754028e-02,6.201054528355598450e-02,2.914514578878879547e-02,-9.360060840845108032e-02,-7.564327120780944824e-02,1.613830029964447021e-01,1.723545640707015991e-01,-3.179294243454933167e-02,-3.859877586364746094e-02,4.110896959900856018e-02,3.238045796751976013e-02,-7.514990866184234619e-02,6.331567186862230301e-03,-1.390244960784912109e-01,1.740990090183913708e-03,6.802930030971765518e-03,8.450186811387538910e-03,6.308060139417648315e-02,3.761607408523559570e-02,-2.511667273938655853e-02,-1.110970391891896725e-03,6.108545884490013123e-02,1.527527160942554474e-02,-4.933755472302436829e-02,1.585985161364078522e-02,3.932565823197364807e-02,-3.737888485193252563e-02,-4.930473119020462036e-02,9.214460849761962891e-02,9.979889541864395142e-02,5.352591350674629211e-02,5.151502415537834167e-02,2.124511264264583588e-02,-7.857008278369903564e-02,-1.449752599000930786e-01,-4.377239197492599487e-02,1.320529635995626450e-02,-5.430392920970916748e-02,-8.457610011100769043e-02,-6.141109764575958252e-02,-1.520695537328720093e-01,-2.590624801814556122e-02,-4.385463520884513855e-02,6.778582930564880371e-03,3.897586837410926819e-02,3.673815354704856873e-02,1.800135821104049683e-01,-3.067433275282382965e-02,1.168986335396766663e-01,1.611558953300118446e-03,2.383257448673248291e-02,1.077028438448905945e-01,1.360653899610042572e-03,-9.147625416517257690e-02,1.748041510581970215e-01,1.542878150939941406e-01,1.602958887815475464e-01,1.328962892293930054e-01,-2.352190949022769928e-02,3.741629421710968018e-02,-6.865525245666503906e-02,4.238966107368469238e-02,-2.506757155060768127e-03,-3.153684362769126892e-02,9.247660636901855469e-05,-4.173523187637329102e-02,1.460440754890441895e-01,-4.997848300263285637e-04,-2.679662778973579407e-02,-7.622002810239791870e-02,-5.588303133845329285e-02,-5.203343927860260010e-02,5.093242600560188293e-02,2.498794719576835632e-02,-3.441860154271125793e-02,1.243100874125957489e-02,-5.024302378296852112e-02,6.365808658301830292e-03,1.489618327468633652e-02,3.148435428738594055e-02,1.961384713649749756e-02,-5.298465862870216370e-02,3.081669332459568977e-03,1.079057976603507996e-01,-8.434391580522060394e-03,9.011624008417129517e-02,-8.954076096415519714e-03,-4.032709170132875443e-03,8.731573075056076050e-02,6.346713751554489136e-02,1.365093886852264404e-02,1.048192661255598068e-02,-3.870447725057601929e-02,7.511067390441894531e-02,6.621593236923217773e-02,4.505046829581260681e-02,-5.874386522918939590e-03,4.730919003486633301e-02,4.566658660769462585e-02,-3.973143175244331360e-02,-1.301183998584747314e-01,8.959601819515228271e-02,-1.030672341585159302e-01,7.072547078132629395e-02,2.680696174502372742e-02,5.742843262851238251e-03,-6.611616909503936768e-02,-1.524883359670639038e-01,7.044399529695510864e-02,2.304055541753768921e-01
-2.900919876992702484e-03,2.614789875224232674e-03,1.290118396282196045e-01,-1.133058965206146240e-01,7.348311692476272583e-02,1.166583523154258728e-01,2.573946490883827209e-02,-5.714382603764533997e-02,4.211466014385223389e-02,5.833794176578521729e-02,-1.185292229056358337e-01,-4.150635376572608948e-02,6.396532803773880005e-02,6.978964433073997498e-03,3.401977196335792542e-02,-7.375243306159973145e-02,3.480494022369384766e-02,8.048485219478607178e-02,2.715431619435548782e-03,8.781576156616210938e-02,9.250137023627758026e-03,-1.316668689250946045e-01,-4.826654121279716492e-02,1.776801496744155884e-01,2.366668432950973511e-01,1.352865248918533325e-02,-5.437081214040517807e-03,1.701277121901512146e-02,-1.576331630349159241e-02,5.199218541383743286e-02,-3.204829990863800049e-02,-1.734872460365295410e-01,-6.779596209526062012e-03,-2.965569682419300079e-02,5.229382589459419250e-02,1.500276774168014526e-01,1.253116577863693237e-01,-4.470028355717658997e-02,2.395099774003028870e-02,5.608020722866058350e-02,1.050153467804193497e-02,1.072645559906959534e-02,7.538582384586334229e-02,-1.781569793820381165e-02,-1.755385100841522217e-02,-8.284831047058105469e-02,8.686395734548568726e-02,1.287326663732528687e-01,-5.740279331803321838e-02,1.448565535247325897e-02,9.902399778366088867e-02,-5.446236953139305115e-02,-6.676893681287765503e-02,-4.471378773450851440e-02,-5.516038089990615845e-02,-5.915164947509765625e-02,-1.083849444985389709e-01,-1.418876741081476212e-02,-1.209918186068534851e-01,2.695244178175926208e-02,2.799869515001773834e-02,-2.549493452534079552e-03,6.868598610162734985e-02,2.607165649533271790e-02,1.684380769729614258e-01,-3.737477213144302368e-02,1.061769798398017883e-01,6.091035529971122742e-02,6.145317107439041138e-02,8.428090810775756836e-02,3.354470059275627136e-02,-4.855351895093917847e-02,2.161060869693756104e-01,1.366880536079406738e-01,1.449610143899917603e-01,1.339866966009140015e-01,-1.372656319290399551e-02,7.663441449403762817e-02,-1.309832371771335602e-02,-6.156046316027641296e-02,-2.494282461702823639e-02,5.144764110445976257e-02,-1.590022258460521698e-02,-7.265133410692214966e-02,1.374987661838531494e-01,-4.727954044938087463e-03,-2.588641084730625153e-02,-5.899390205740928650e-03,-2.057529985904693604e-02,-1.017204578965902328e-02,1.041292995214462280e-01,3.065465576946735382e-02,-4.305429011583328247e-02,4.093027487397193909e-02,-2.520194463431835175e-02,-1.584200537763535976e-03,8.710222318768501282e-03,6.171939149498939514e-02,3.017530962824821472e-02,-6.938521564006805420e-02,-6.557814031839370728e-02,1.189000383019447327e-01,-1.510540675371885300e-02,1.110770180821418762e-02,-1.352883130311965942e-02,-4.840018972754478455e-02,4.875944182276725769e-02,7.308078557252883911e-02,4.048562049865722656e-02,5.280361324548721313e-02,-2.462708204984664917e-02,5.110194906592369080e-02,-3.678145632147789001e-02,-7.396264467388391495e-03,-1.805850863456726074e-02,5.758502334356307983e-02,1.819528825581073761e-02,3.975895792245864868e-02,-1.320366859436035156e-01,2.912269346415996552e-02,-1.129955649375915527e-01,4.240456596016883850e-02,8.489669114351272583e-02,8.030500262975692749e-02,5.290147662162780762e-02,-1.085899472236633301e-01,8.599448949098587036e-02,1.907486766576766968e-01
3.020535223186016083e-02,2.514293976128101349e-02,7.939715683460235596e-02,-8.692579716444015503e-02,2.607752382755279541e-02,5.016816779971122742e-02,-4.864832386374473572e-03,-5.614280700683593750e-03,-9.787722490727901459e-03,2.297562919557094574e-02,-6.583449244499206543e-02,-1.061345916241407394e-02,1.733865216374397278e-02,-4.336294531822204590e-02,4.426460340619087219e-02,-2.865110896527767181e-02,2.906969375908374786e-02,3.739025443792343140e-02,5.501482170075178146e-03,6.403668224811553955e-02,7.014784496277570724e-03,-8.606003969907760620e-02,-3.153342008590698242e-02,9.252647310495376587e-02,1.459162384271621704e-01,2.930096117779612541e-03,1.655596867203712463e-02,-3.425330296158790588e-02,3.663466870784759521e-02,1.356125157326459885e-02,4.088617395609617233e-03,-3.017012774944305420e-02,2.526666037738323212e-02,-3.087471425533294678e-02,-5.052256956696510315e-02,8.212457597255706787e-02,7.549187541007995605e-02,-5.353896319866180420e-02,-1.127075962722301483e-02,3.585910052061080933e-02,4.605230875313282013e-03,3.326517343521118164e-02,-3.610965237021446228e-02,1.307874731719493866e-02,2.530299685895442963e-02,-8.385571092367172241e-02,3.224748652428388596e-03,2.453272789716720581e-02,4.029013216495513916e-03,4.765922948718070984e-02,7.643629610538482666e-02,-1.347984652966260910e-02,-2.317784912884235382e-02,-9.970273822546005249e-03,-3.019862622022628784e-02,-8.067020028829574585e-02,-7.030669599771499634e-02,-2.742103300988674164e-02,-1.016720458865165710e-01,1.514940173365175724e-03,-7.381126284599304199e-03,6.077542435377836227e-03,-1.475301571190357208e-02,1.579391583800315857e-02,9.098257869482040405e-02,-4.252046346664428711e-02,4.642885923385620117e-02,5.155500024557113647e-02,2.017429657280445099e-02,2.378369448706507683e-03,-2.786668390035629272e-02,-4.171898588538169861e-02,1.095228120684623718e-01,5.326978117227554321e-02,5.234806612133979797e-02,9.014320373535156250e-02,-1.053189951926469803e-02,5.641287937760353088e-02,5.305423215031623840e-02,5.803870782256126404e-02,-4.431279003620147705e-02,-1.838685385882854462e-02,1.740393042564392090e-02,-3.650877624750137329e-02,5.471677705645561218e-02,-7.441782951354980469e-02,-4.969005659222602844e-02,1.862881239503622055e-03,-7.315021008253097534e-02,-3.947297483682632446e-02,5.408474802970886230e-02,1.915301010012626648e-02,-3.571051731705665588e-02,6.560034304857254028e-02,3.817034512758255005e-02,2.672226540744304657e-02,9.977932088077068329e-03,4.971389472484588623e-02,1.402959320694208145e-02,-1.788449101150035858e-02,-1.671027392148971558e-02,4.359201341867446899e-02,-3.532828018069267273e-02,-9.809267707169055939e-03,-9.021394886076450348e-03,-2.450332976877689362e-02,4.967123642563819885e-02,2.163689211010932922e-02,6.621478823944926262e-04,-4.963277606293559074e-04,-4.512506350874900818e-02,-2.242418378591537476e-02,2.544874092563986778e-03,-4.895975347608327866e-03,-1.753555610775947571e-02,-1.852351054549217224e-02,3.378383070230484009e-02,8.701313287019729614e-03,-4.803203511983156204e-03,1.394544821232557297e-02,-6.558378040790557861e-02,4.701548814773559570e-02,2.704535797238349915e-02,5.772922933101654053e-02,-3.719876706600189209e-02,-1.254414767026901245e-01,-1.500843674875795841e-03,1.106476336717605591e-01
