2.354704961180686951e-02,-3.618432907387614250e-03,5.724651739001274109e-02,-1.061528325080871582e-01,9.990417957305908203e-02,1.150089651346206665e-01,-6.572450045496225357e-03,-1.212507579475641251e-02,4.460019990801811218e-02,2.695523900911211967e-03,-5.109648406505584717e-02,-8.995231473818421364e-04,3.635275736451148987e-02,-8.191351592540740967e-02,-4.041648935526609421e-03,-1.069950386881828308e-01,4.662584513425827026e-02,1.106153875589370728e-01,6.241422519087791443e-02,9.853852540254592896e-02,4.837352037429809570e-02,-4.976068437099456787e-02,-7.228377461433410645e-02,1.381781548261642456e-01,2.334119528532028198e-01,1.287101884372532368e-03,2.775513194501399994e-02,5.159360915422439575e-02,2.498556487262248993e-02,4.452286660671234131e-02,-2.023205906152725220e-02,-1.350358128547668457e-01,1.202940242365002632e-03,-4.474755004048347473e-02,-2.831661142408847809e-02,7.363446801900863647e-02,-9.105309844017028809e-03,-7.448137551546096802e-02,3.468229621648788452e-02,7.194285839796066284e-02,4.460210353136062622e-02,-3.662740811705589294e-02,6.095801666378974915e-02,-4.916892200708389282e-02,-7.786098122596740723e-02,-1.111170202493667603e-01,9.450962394475936890e-02,1.450077295303344727e-01,-2.759229578077793121e-02,8.009740710258483887e-02,8.627269417047500610e-02,-8.842156082391738892e-02,-1.307157129049301147e-01,-2.411913499236106873e-02,-2.312221005558967590e-02,-4.146151989698410034e-02,-1.088763475418090820e-01,-8.058626949787139893e-02,-1.517367511987686157e-01,-2.565202303230762482e-02,-1.433023810386657715e-02,3.330190479755401611e-02,1.150425989180803299e-02,-1.594506390392780304e-02,1.872711330652236938e-01,-4.993450269103050232e-02,1.259539425373077393e-01,8.741096407175064087e-02,-7.121620699763298035e-03,5.698321014642715454e-02,-3.849866986274719238e-02,-1.000758260488510132e-02,1.991567760705947876e-01,1.051573380827903748e-01,1.274165660142898560e-01,1.373382806777954102e-01,1.519082696177065372e-03,2.926398813724517822e-02,3.718686755746603012e-03,5.359140783548355103e-02,-7.016120851039886475e-02,-6.085790321230888367e-02,2.450118400156497955e-02,-3.298000618815422058e-02,1.213775053620338440e-01,1.222451217472553253e-02,2.440471015870571136e-02,2.335924841463565826e-02,-4.383634403347969055e-02,-6.948837637901306152e-02,1.158505678176879883e-01,5.199830979108810425e-02,-1.318995002657175064e-02,4.595122486352920532e-02,1.732298173010349274e-02,-1.536593958735466003e-02,5.728391557931900024e-02,-9.613693691790103912e-03,8.774109184741973877e-02,-5.878915265202522278e-02,-9.105905890464782715e-03,7.398551702499389648e-02,-1.807132177054882050e-02,-1.020798273384571075e-02,-6.030546035617589951e-03,-5.621224641799926758e-03,7.116228342056274414e-02,3.140700235962867737e-02,2.646245434880256653e-02,5.738811567425727844e-02,-1.681899279356002808e-02,3.668696060776710510e-02,-4.063072428107261658e-02,-1.277588680386543274e-02,-2.492108009755611420e-02,8.456882089376449585e-02,3.377487137913703918e-02,-3.354744985699653625e-03,-8.795183151960372925e-02,4.623547196388244629e-02,-1.312327235937118530e-01,5.427902564406394958e-03,6.512500345706939697e-02,1.133834384381771088e-02,-4.714442044496536255e-02,-1.435811668634414673e-01,-8.381973952054977417e-03,1.902592331171035767e-01
1.594482548534870148e-02,-6.176101788878440857e-02,8.656068891286849976e-02,-1.505087912082672119e-01,1.772593334317207336e-02,9.015009552240371704e-02,4.451597109436988831e-02,2.744795568287372589e-02,-8.725748397409915924e-03,-3.827075939625501633e-03,-6.873331964015960693e-02,-5.433028098195791245e-03,3.831580653786659241e-02,-9.884621948003768921e-02,5.980483442544937134e-02,-1.432535946369171143e-01,9.702882915735244751e-02,1.200496852397918701e-01,4.379542544484138489e-03,1.190080419182777405e-01,8.116106688976287842e-02,-9.911660850048065186e-02,-1.087150499224662781e-01,1.661346703767776489e-01,2.519340515136718750e-01,-3.372110798954963684e-02,1.761492528021335602e-02,-3.548960760235786438e-02,-5.229566991329193115e-02,1.455460395663976669e-02,-3.446892602369189262e-03,-1.164456307888031006e-01,7.434355467557907104e-02,4.200820811092853546e-03,-2.144678309559822083e-02,8.692083507776260376e-02,7.247615605592727661e-02,-8.620478212833404541e-02,1.733299158513545990e-02,6.022513657808303833e-02,3.380826860666275024e-02,5.480103939771652222e-02,4.180002585053443909e-02,-2.884555794298648834e-02,1.979181542992591858e-02,-1.264982521533966064e-01,1.079202294349670410e-01,1.001965031027793884e-01,-3.527815639972686768e-02,1.405710279941558838e-01,1.059976741671562195e-01,-5.954226478934288025e-02,-3.274193778634071350e-02,-9.122714400291442871e-03,-8.910179138183593750e-02,-1.272239089012145996e-01,-1.598719507455825806e-01,-6.302972137928009033e-02,-1.695540845394134521e-01,-1.265240646898746490e-02,2.849560789763927460e-02,-2.199509181082248688e-02,4.176030680537223816e-02,1.009026616811752319e-01,1.876587569713592529e-01,-5.998078361153602600e-02,5.454134568572044373e-02,4.547883570194244385e-02,-7.094822078943252563e-02,5.950591340661048889e-02,-3.618343174457550049e-02,-5.770348012447357178e-02,2.393691539764404297e-01,1.529538184404373169e-01,8.808156102895736694e-02,1.428090035915374756e-01,-1.668762974441051483e-02,7.347312569618225098e-02,2.679201029241085052e-02,4.844675213098526001e-02,-7.425072789192199707e-02,1.417461410164833069e-02,5.767386779189109802e-02,-3.738474799320101738e-03,1.326816082000732422e-01,4.712675884366035461e-02,-2.799285948276519775e-02,1.455805916339159012e-02,-7.801245898008346558e-02,-1.774132251739501953e-04,1.754661500453948975e-01,1.217960938811302185e-01,1.303947530686855316e-02,5.761947855353355408e-02,-3.180075669661164284e-03,2.813401073217391968e-02,7.785706222057342529e-02,2.217825502157211304e-03,7.026541978120803833e-02,-1.578235924243927002e-01,-2.229014039039611816e-02,1.036140918731689453e-01,-5.126398056745529175e-02,-3.254557028412818909e-02,-2.846875227987766266e-02,-1.440580189228057861e-02,4.199590533971786499e-02,-1.238613482564687729e-02,4.695845022797584534e-02,3.236694261431694031e-02,-1.078963000327348709e-02,5.522499606013298035e-02,1.936670020222663879e-02,-2.876245044171810150e-02,-2.972281165421009064e-02,8.903644233942031860e-02,1.065499484539031982e-01,2.688126452267169952e-02,-7.011722028255462646e-02,1.331590302288532257e-02,-1.407901197671890259e-01,5.081091076135635376e-02,9.973458945751190186e-02,5.368278548121452332e-02,-4.683245718479156494e-02,-2.072090506553649902e-01,6.140703335404396057e-02,1.872378289699554443e-01
1.553034968674182892e-02,-3.537497669458389282e-02,8.499497175216674805e-02,-1.636726260185241699e-01,1.461496204137802124e-01,1.480759382247924805e-01,-3.827917203307151794e-02,-5.384495109319686890e-02,4.864564631134271622e-03,3.637380152940750122e-02,-6.735319644212722778e-02,2.556970342993736267e-02,8.374010771512985229e-02,-5.365408211946487427e-02,4.030045866966247559e-02,-1.133092716336250305e-01,7.245308905839920044e-02,1.175419390201568604e-01,3.663794323801994324e-02,1.348807662725448608e-01,5.528543516993522644e-02,-2.824085764586925507e-02,-7.349197566509246826e-02,1.684000343084335327e-01,2.308122217655181885e-01,-8.880261331796646118e-03,-1.182556152343750000e-04,-9.752297401428222656e-02,-4.229970276355743408e-02,-2.213346026837825775e-02,-3.832928836345672607e-02,-1.130229383707046509e-01,4.231525957584381104e-02,-1.798522099852561951e-02,-4.230026528239250183e-02,6.714080274105072021e-02,3.804122284054756165e-02,-3.998553752899169922e-02,6.763718277215957642e-02,7.413374632596969604e-02,-2.274525910615921021e-02,-7.203362137079238892e-02,-1.304448023438453674e-02,-3.029824979603290558e-02,-3.222160041332244873e-02,-1.750929653644561768e-01,7.660789787769317627e-02,1.661094129085540771e-01,-7.372134923934936523e-02,7.251264899969100952e-02,7.933318614959716797e-02,-1.109610795974731445e-01,-3.605780377984046936e-02,-4.721888154745101929e-02,-1.346304714679718018e-01,-1.007111594080924988e-01,-1.088543832302093506e-01,-7.344372570514678955e-02,-1.445566117763519287e-01,-3.348754718899726868e-03,-1.674382016062736511e-03,-1.191496849060058594e-02,2.005799673497676849e-02,9.715169668197631836e-02,2.172759324312210083e-01,-9.847195446491241455e-02,1.230493187904357910e-01,9.092322736978530884e-02,3.585907071828842163e-02,5.300784111022949219e-02,-4.576439782977104187e-02,2.125378930941224098e-03,2.422309219837188721e-01,1.195413023233413696e-01,9.655436873435974121e-02,1.128892078995704651e-01,-1.287442594766616821e-01,3.455245867371559143e-02,2.479816414415836334e-02,5.495993793010711670e-02,-1.153330430388450623e-01,-7.621333748102188110e-02,2.338465675711631775e-02,7.686611730605363846e-03,7.996755838394165039e-02,6.314221769571304321e-02,-4.678512457758188248e-03,-1.844438165426254272e-02,-8.170703053474426270e-02,-2.233232185244560242e-02,1.746072918176651001e-01,1.145861521363258362e-01,-9.695761837065219879e-03,4.051871597766876221e-03,-5.307812616229057312e-02,-6.157358735799789429e-02,1.043558046221733093e-01,6.575004756450653076e-02,9.718668460845947266e-02,-1.805238425731658936e-01,-2.434725873172283173e-02,8.119641244411468506e-02,-6.743224710226058960e-02,1.618839800357818604e-02,-1.818200200796127319e-02,-1.173665840178728104e-02,6.397432833909988403e-02,4.276502504944801331e-02,2.101633325219154358e-02,5.081495642662048340e-02,-1.361345499753952026e-02,4.870042949914932251e-02,4.249779880046844482e-02,8.363200351595878601e-03,-2.322047390043735504e-02,1.428569704294204712e-01,3.009125590324401855e-02,4.017808008939027786e-03,-1.283526867628097534e-01,4.951578378677368164e-02,-1.287215054035186768e-01,5.868956446647644043e-02,7.417345792055130005e-02,6.873498111963272095e-02,-3.929170221090316772e-02,-1.533664166927337646e-01,2.713919058442115784e-02,2.207193225622177124e-01
1.547758281230926514e-02,1.777309551835060120e-02,5.835053324699401855e-02,-7.816732674837112427e-02,1.369599252939224243e-02,3.970599174499511719e-02,1.220597699284553528e-02,-1.740658283233642578e-02,2.631342411041259766e-02,-2.508831582963466644e-02,-6.297198683023452759e-02,-8.798699826002120972e-03,-5.360908806324005127e-03,-4.959744960069656372e-02,5.875310860574245453e-03,-5.167748779058456421e-02,2.022365853190422058e-02,3.211278468370437622e-02,-2.432584203779697418e-02,2.078977180644869804e-03,-1.112126000225543976e-02,-1.783938519656658173e-02,-6.355950236320495605e-02,5.764164030551910400e-02,1.027294546365737915e-01,-3.132273210212588310e-03,-1.994189806282520294e-03,-2.068552188575267792e-02,-1.437168754637241364e-02,-1.869999803602695465e-02,-1.657280325889587402e-02,-4.383601248264312744e-02,4.394114948809146881e-03,3.948928415775299072e-02,-6.356867961585521698e-03,3.024269081652164459e-02,3.866570070385932922e-02,-3.958497941493988037e-02,-1.391320489346981049e-03,4.639745503664016724e-02,3.025227971374988556e-02,3.752042353153228760e-02,2.302016597241163254e-03,-2.279681898653507233e-02,-9.691202081739902496e-03,-4.148639366030693054e-02,2.816122770309448242e-02,7.496336102485656738e-02,-3.733260929584503174e-02,6.225697323679924011e-02,2.123915404081344604e-02,-4.697423800826072693e-02,-3.394382074475288391e-03,-1.202191505581140518e-02,-1.004667952656745911e-02,-2.016139589250087738e-02,-5.140252038836479187e-02,-3.275696933269500732e-02,-8.471471816301345825e-02,-2.648517489433288574e-02,3.918210044503211975e-03,-3.790596500039100647e-02,1.435705646872520447e-02,4.297569766640663147e-02,1.081744506955146790e-01,-2.267046459019184113e-02,4.855108633637428284e-02,1.465760823339223862e-02,-3.388382121920585632e-02,-5.069361068308353424e-03,-3.093747980892658234e-02,-1.624611020088195801e-02,8.798104524612426758e-02,9.599803388118743896e-02,5.011609196662902832e-02,6.887599080801010132e-02,1.543935574591159821e-02,1.164857391268014908e-02,1.894977129995822906e-02,4.574902355670928955e-02,-6.845387816429138184e-02,-2.076622564345598221e-03,6.481138058006763458e-03,1.299594063311815262e-02,5.800481140613555908e-02,1.717473007738590240e-02,-1.542439777404069901e-02,3.288165107369422913e-02,-2.513647638261318207e-02,-2.603597566485404968e-02,7.075308263301849365e-02,3.404052183032035828e-02,-5.061784759163856506e-02,9.040287695825099945e-03,-1.300201937556266785e-02,-9.978349320590496063e-03,4.207560047507286072e-02,2.599440142512321472e-02,2.643082290887832642e-02,-8.270426094532012939e-02,-4.221438243985176086e-02,3.717894852161407471e-02,-1.798114180564880371e-02,2.830949425697326660e-02,-1.995724439620971680e-02,1.613414101302623749e-02,1.864098012447357178e-02,1.894187740981578827e-02,9.193518199026584625e-03,1.403656601905822754e-02,-2.347005344927310944e-02,1.806972082704305649e-03,7.538197678513824940e-04,-3.714606538414955139e-02,-3.169505670666694641e-02,2.468027733266353607e-02,1.159842312335968018e-02,-4.436523187905550003e-03,-3.182756900787353516e-02,9.647306986153125763e-03,-5.863319709897041321e-02,2.594478614628314972e-02,3.343389928340911865e-02,1.213877694681286812e-03,-1.973551325500011444e-02,-6.929779052734375000e-02,-2.201061323285102844e-02,9.180547297000885010e-02
8.010723441839218140e-02,2.313421480357646942e-02,1.363827735185623169e-01,-1.627310961484909058e-01,1.331980526447296143e-01,1.699091047048568726e-01,4.556880146265029907e-02,4.043643549084663391e-02,3.017280995845794678e-02,4.173680767416954041e-02,-1.054278910160064697e-01,-2.040469273924827576e-02,4.165746271610260010e-02,-1.044880077242851257e-01,-3.215595334768295288e-02,-1.307410001754760742e-01,5.497494712471961975e-02,4.320939257740974426e-02,-1.106237806379795074e-02,9.055354446172714233e-02,7.680076360702514648e-02,-6.826791912317276001e-02,-1.344314068555831909e-01,1.118450537323951721e-01,2.039692997932434082e-01,-6.011684238910675049e-02,1.803586818277835846e-02,-1.649635098874568939e-02,-4.896476864814758301e-02,-4.089720081537961960e-03,3.396494314074516296e-02,-3.359893709421157837e-02,-3.987279906868934631e-02,-1.305061858147382736e-02,-9.389311820268630981e-02,3.217205777764320374e-02,2.112589590251445770e-02,-8.764465898275375366e-02,9.717937209643423557e-04,6.091490387916564941e-02,-1.780136860907077789e-02,2.359708584845066071e-02,-2.616692706942558289e-02,3.934761509299278259e-02,-5.564799532294273376e-02,-9.334766864776611328e-02,4.512964189052581787e-02,4.242895916104316711e-02,-5.425888672471046448e-02,1.203056871891021729e-01,1.172626018524169922e-01,-2.714041620492935181e-02,-7.630243152379989624e-02,-3.635127097368240356e-02,-1.132417917251586914e-01,-1.612211614847183228e-01,-1.329317092895507812e-01,-3.711222857236862183e-02,-1.455867439508438110e-01,3.263938473537564278e-03,-4.420728422701358795e-03,1.637818850576877594e-02,-1.925495802424848080e-03,4.739830270409584045e-02,2.016235142946243286e-01,-2.540479600429534912e-02,6.562443077564239502e-02,7.064534723758697510e-02,3.304044157266616821e-02,8.232807368040084839e-02,-3.894319385290145874e-02,-9.196663647890090942e-02,2.186448574066162109e-01,1.497781872749328613e-01,4.694980010390281677e-02,1.650841385126113892e-01,-1.650749123655259609e-03,6.682609766721725464e-02,3.539748489856719971e-02,5.197283998131752014e-02,-1.420131474733352661e-01,-1.234103515744209290e-01,-1.373677514493465424e-03,-2.402837947010993958e-02,6.066715717315673828e-02,1.454751286655664444e-02,5.504661053419113159e-02,4.175072070211172104e-03,-8.252520859241485596e-02,-6.153092533349990845e-02,2.060552686452865601e-01,1.594655066728591919e-01,-8.718030899763107300e-02,5.687899887561798096e-02,-1.869183406233787537e-02,-5.708436295390129089e-02,5.182969570159912109e-02,4.230151697993278503e-02,1.458020657300949097e-01,-1.431384980678558350e-01,-4.500148445367813110e-02,9.438430517911911011e-02,-3.082564845681190491e-02,-4.191908612847328186e-02,-1.810942590236663818e-02,-1.280306186527013779e-02,1.263039261102676392e-01,1.060079857707023621e-01,5.251657217741012573e-03,2.549467980861663818e-02,-7.452537119388580322e-02,-3.092339634895324707e-02,-9.929831139743328094e-04,-8.033102378249168396e-03,-6.882498506456613541e-03,8.959376811981201172e-02,3.420278429985046387e-02,-4.179365932941436768e-02,-4.969621077179908752e-02,-6.539521855302155018e-04,-2.199713587760925293e-01,8.053948730230331421e-02,5.980212613940238953e-02,1.927768625319004059e-02,-9.363008290529251099e-02,-1.671372503042221069e-01,1.607568562030792236e-02,1.868777573108673096e-01
2.637036889791488647e-02,-7.451187353581190109e-03,8.787698298692703247e-02,-1.022660136222839355e-01,5.902009084820747375e-02,1.154848784208297729e-01,-8.023655042052268982e-03,-2.226035110652446747e-02,1.817753165960311890e-02,1.720076799392700195e-02,-1.072913873940706253e-02,4.240869893692433834e-04,6.436567753553390503e-02,-1.002054885029792786e-01,9.426432661712169647e-03,-7.647813111543655396e-02,7.573635131120681763e-02,9.598947316408157349e-02,4.101718217134475708e-02,1.096095219254493713e-01,6.233154609799385071e-02,-6.559716165065765381e-02,-8.839928358793258667e-02,1.204842329025268555e-01,2.126287370920181274e-01,6.379785481840372086e-03,6.431944668292999268e-02,7.278736680746078491e-02,3.845302388072013855e-02,5.145833641290664673e-02,-2.562338253483176231e-03,-1.485996395349502563e-01,-4.151171073317527771e-03,-4.958418756723403931e-02,-4.369627311825752258e-02,8.681917190551757812e-02,-5.678710993379354477e-03,-8.012968301773071289e-02,-2.329348213970661163e-02,6.965280324220657349e-02,8.106300979852676392e-02,-5.214489251375198364e-02,3.862793743610382080e-02,-4.236788675189018250e-02,-8.648377656936645508e-02,-1.166265085339546204e-01,8.694656193256378174e-02,1.465779244899749756e-01,-2.266415022313594818e-02,7.640293240547180176e-02,6.822149455547332764e-02,-1.118312031030654907e-01,-9.553354233503341675e-02,8.260955102741718292e-03,-4.244942963123321533e-02,-4.731909185647964478e-02,-1.373891234397888184e-01,-7.460325956344604492e-02,-1.064607501029968262e-01,-2.346457354724407196e-02,-7.728652656078338623e-02,6.510284263640642166e-03,-1.188287604600191116e-02,3.881434909999370575e-03,2.086326926946640015e-01,-4.809926450252532959e-02,1.386689245700836182e-01,1.034085080027580261e-01,-1.591962017118930817e-02,3.348150104284286499e-02,-7.353501766920089722e-02,-3.225322067737579346e-02,1.927339583635330200e-01,1.326580792665481567e-01,1.169547885656356812e-01,1.304921656847000122e-01,-1.865295227617025375e-03,4.766559228301048279e-02,2.379659190773963928e-02,7.289788126945495605e-02,-5.672274529933929443e-02,-6.284015625715255737e-02,4.522133618593215942e-02,-2.717335149645805359e-02,1.312020272016525269e-01,1.497833058238029480e-02,1.314400811679661274e-03,4.593100864440202713e-03,-5.360936000943183899e-02,-8.687335997819900513e-02,9.639897197484970093e-02,3.106395527720451355e-02,4.659797530621290207e-03,5.416971072554588318e-02,2.111132815480232239e-02,-1.209027133882045746e-02,6.377012282609939575e-02,-3.816704731434583664e-03,8.863046020269393921e-02,-5.229231342673301697e-02,-7.814873009920120239e-03,8.316094428300857544e-02,-1.313568931072950363e-02,-2.239135839045047760e-02,-2.887444384396076202e-02,-7.773630321025848389e-03,3.407412767410278320e-02,2.628927305340766907e-02,4.197049513459205627e-02,5.689552053809165955e-02,-4.737341310828924179e-03,1.998706534504890442e-02,-5.577280372381210327e-02,-6.540830712765455246e-03,-2.018877491354942322e-02,8.102422207593917847e-02,4.229565337300300598e-02,-4.149600118398666382e-02,-6.339262425899505615e-02,6.970746070146560669e-02,-1.274971514940261841e-01,-7.133451756089925766e-03,7.519137859344482422e-02,1.793528720736503601e-02,-2.999853156507015228e-02,-1.438780128955841064e-01,-1.183362212032079697e-02,1.926851421594619751e-01
6.343480944633483887e-02,5.018041934818029404e-03,7.912310212850570679e-02,-1.411212533712387085e-01,1.129948049783706665e-01,1.238659173250198364e-01,-7.531112991273403168e-03,6.144207436591386795e-03,-3.614588174968957901e-03,-4.609991982579231262e-02,-1.420337110757827759e-01,-6.945439428091049194e-02,-1.702853105962276459e-02,-4.245112091302871704e-02,2.735774964094161987e-02,-1.073499023914337158e-01,3.661993891000747681e-02,4.841443151235580444e-02,1.134761050343513489e-02,6.739890575408935547e-02,1.957359910011291504e-02,-7.721810042858123779e-02,-9.702800214290618896e-02,1.530093401670455933e-01,2.270186692476272583e-01,2.925651334226131439e-02,2.647153660655021667e-02,-3.309548646211624146e-02,-1.407530251890420914e-02,3.440895304083824158e-02,-1.884719729423522949e-02,-1.429291665554046631e-01,4.332447797060012817e-02,-7.772109936922788620e-03,-4.149662703275680542e-02,5.291058123111724854e-02,3.353806212544441223e-02,-1.095297411084175110e-01,7.788740098476409912e-02,1.171715036034584045e-01,4.205292835831642151e-02,-4.565326031297445297e-03,2.489433623850345612e-02,-4.191578179597854614e-02,-9.395679458975791931e-03,-1.667546182870864868e-01,9.823866933584213257e-02,1.589227765798568726e-01,-4.468612745404243469e-02,6.273711472749710083e-02,8.809287846088409424e-02,-1.186749339103698730e-01,-1.029650121927261353e-01,-1.324418000876903534e-02,-7.772552222013473511e-02,-1.230601146817207336e-01,-1.395354419946670532e-01,-7.860311120748519897e-02,-1.859325319528579712e-01,2.234127372503280640e-03,5.742275714874267578e-02,8.402298204600811005e-03,4.301618412137031555e-02,2.497071633115410805e-03,1.735605597496032715e-01,-5.806386098265647888e-02,1.282805651426315308e-01,5.699034407734870911e-02,-6.549540907144546509e-02,6.097948178648948669e-02,-1.031665969640016556e-02,-3.299527615308761597e-02,2.102417200803756714e-01,1.210931241512298584e-01,1.489238440990447998e-01,1.319063305854797363e-01,-4.374240711331367493e-02,2.104978635907173157e-02,-3.712722286581993103e-02,9.994441643357276917e-03,-1.390486024320125580e-03,-6.919243838638067245e-03,7.155404984951019287e-02,5.374504253268241882e-02,4.835511744022369385e-02,1.239191461354494095e-02,3.035330772399902344e-02,-5.556376650929450989e-02,-6.819161772727966309e-02,-3.456204384565353394e-02,1.753622889518737793e-01,1.254746615886688232e-01,-5.232675746083259583e-02,1.353285461664199829e-02,-3.032308630645275116e-02,2.445752173662185669e-02,7.381280511617660522e-02,1.912673190236091614e-02,3.588472679257392883e-02,-9.621898084878921509e-02,-5.207160487771034241e-02,6.535798311233520508e-02,-3.821454197168350220e-02,1.581909321248531342e-02,-1.812917925417423248e-02,-4.802737012505531311e-02,9.759949520230293274e-03,2.153838053345680237e-02,2.850055135786533356e-02,3.107544779777526855e-02,4.376138374209403992e-02,3.865124657750129700e-02,7.357314694672822952e-03,-2.168741077184677124e-03,-4.681345447897911072e-02,3.408303111791610718e-02,3.202832490205764771e-02,-5.633502267301082611e-03,-4.714624211192131042e-02,2.772031910717487335e-02,-1.726781278848648071e-01,-1.643759943544864655e-02,1.108046323060989380e-01,4.564009234309196472e-02,-1.068685390055179596e-02,-1.428389251232147217e-01,-1.297102961689233780e-02,1.896404325962066650e-01
2.163987047970294952e-02,-4.415261372923851013e-02,8.293435722589492798e-02,-1.622384786605834961e-01,3.636037558317184448e-02,2.930352836847305298e-02,-4.881818965077400208e-02,5.022882251068949699e-04,8.168645948171615601e-02,7.362032681703567505e-02,-8.061087131500244141e-02,-3.047502599656581879e-02,-9.150770306587219238e-02,-1.141805388033390045e-02,6.217688694596290588e-02,-3.656877577304840088e-02,-3.186270222067832947e-02,1.534773316234350204e-02,9.577866876497864723e-04,5.491444841027259827e-02,1.032773330807685852e-01,-3.239936754107475281e-02,-9.381929039955139160e-02,1.841187030076980591e-01,1.973920315504074097e-01,3.221052931621670723e-03,3.943245112895965576e-02,1.105323061347007751e-02,9.465686231851577759e-02,-3.436156362295150757e-02,-7.417719811201095581e-02,-2.798356674611568451e-02,-3.008500114083290100e-02,2.624207176268100739e-03,1.209168927744030952e-03,1.125524863600730896e-01,3.270504623651504517e-02,1.771890185773372650e-02,-2.533989772200584412e-02,7.560578733682632446e-02,3.435836173593997955e-03,-7.132876664400100708e-02,9.281711280345916748e-02,-2.301334030926227570e-02,-2.008041441440582275e-01,-1.781765073537826538e-01,4.425297677516937256e-02,1.667660772800445557e-01,4.269273579120635986e-02,-2.420387417078018188e-02,1.611006632447242737e-02,-6.526248902082443237e-02,-1.288180351257324219e-01,-5.875562131404876709e-02,-7.834441214799880981e-02,-5.949287861585617065e-02,-2.200236357748508453e-02,5.907135084271430969e-02,-6.670496612787246704e-02,3.622141480445861816e-02,4.286723583936691284e-02,3.019978478550910950e-02,8.126924186944961548e-02,4.147145524621009827e-02,1.272028535604476929e-01,-8.133369684219360352e-02,9.248037636280059814e-02,9.352551400661468506e-02,7.559248805046081543e-02,4.920270293951034546e-02,5.408882349729537964e-02,-1.109747141599655151e-01,1.286583542823791504e-01,6.728079915046691895e-02,3.065006807446479797e-02,1.022570952773094177e-01,-1.576561108231544495e-02,1.196546331048011780e-01,3.966468945145606995e-02,-5.923325940966606140e-02,-1.295029302127659321e-03,4.587911069393157959e-02,-2.649438008666038513e-02,2.066511474549770355e-02,1.374807357788085938e-01,1.073183938860893250e-01,1.032107044011354446e-02,6.498095579445362091e-03,3.601997345685958862e-02,-2.043597213923931122e-02,6.681031733751296997e-02,6.969627737998962402e-02,-4.147595167160034180e-02,-1.229948271065950394e-02,-6.409835815429687500e-02,-1.972571201622486115e-02,7.781210541725158691e-02,2.560535445809364319e-02,-7.666963338851928711e-02,-1.251475363969802856e-01,-2.372862212359905243e-02,1.563771069049835205e-01,8.342582732439041138e-02,8.247403800487518311e-02,-6.259925663471221924e-03,-8.648871630430221558e-02,5.349139124155044556e-02,1.050345525145530701e-01,3.278944641351699829e-02,-2.572322031483054161e-03,4.960175603628158569e-02,9.203702956438064575e-02,-2.186294877901673317e-03,-3.818552708253264427e-03,-1.711308769881725311e-02,3.298980370163917542e-02,-9.713708609342575073e-02,1.572336070239543915e-02,-1.437782403081655502e-02,8.888687193393707275e-02,-1.554456204175949097e-01,3.822197765111923218e-02,7.570365816354751587e-02,3.270501643419265747e-02,-1.787894964218139648e-02,-6.320387125015258789e-02,2.660567127168178558e-02,1.427555084228515625e-01
-1.136250980198383331e-02,5.544813349843025208e-03,1.784486770629882812e-01,-1.541157215833663940e-01,3.726603090763092041e-02,6.506796181201934814e-02,-3.485919907689094543e-02,-1.046383939683437347e-02,-3.967025317251682281e-03,-7.041009142994880676e-03,-1.367911547422409058e-01,-7.095186412334442139e-02,7.566276937723159790e-02,2.122828178107738495e-02,5.439763423055410385e-03,-4.132612422108650208e-02,2.536089532077312469e-02,7.485756278038024902e-02,3.778972476720809937e-02,8.686046302318572998e-02,6.683764606714248657e-02,-1.178648043423891068e-02,-9.578657895326614380e-02,1.413163989782333374e-01,1.857410371303558350e-01,-3.758363798260688782e-02,-2.607430517673492432e-02,-5.741505697369575500e-02,-2.080327644944190979e-02,-7.675706595182418823e-02,-7.474302500486373901e-02,-1.390987485647201538e-01,-2.270072698593139648e-02,-7.307249587029218674e-03,-3.491573035717010498e-02,8.790329098701477051e-02,5.297958478331565857e-02,-5.372516438364982605e-02,5.200100131332874298e-03,1.199894770979881287e-01,2.883418090641498566e-02,-8.969751186668872833e-03,3.612442640587687492e-03,-6.632942706346511841e-02,-1.870667189359664917e-01,-1.488220095634460449e-01,4.311330989003181458e-02,7.680375874042510986e-02,-1.072385832667350769e-01,4.516808781772851944e-03,-7.916940376162528992e-03,-1.137869656085968018e-01,-5.111208930611610413e-02,-3.610771894454956055e-02,-1.177726164460182190e-01,-9.105502814054489136e-02,-1.193128749728202820e-01,-9.217693656682968140e-02,-1.320189386606216431e-01,-1.974108256399631500e-02,-2.664989233016967773e-02,-2.811084128916263580e-02,8.295326679944992065e-02,1.289225965738296509e-01,2.167894393205642700e-01,-6.874960660934448242e-02,1.122389510273933411e-01,1.091925725340843201e-01,7.592888176441192627e-02,2.855045907199382782e-02,-1.901713013648986816e-02,-8.313165977597236633e-03,1.985022276639938354e-01,8.669110387563705444e-02,9.721697121858596802e-02,1.516733914613723755e-01,4.693503025919198990e-03,2.709520794451236725e-02,-3.937784582376480103e-02,-4.954405501484870911e-02,-6.543155014514923096e-02,3.059686161577701569e-02,-1.089154183864593506e-02,6.275650113821029663e-02,1.194397732615470886e-01,2.441037259995937347e-02,7.175381295382976532e-03,-1.660325378179550171e-02,-4.445311799645423889e-02,-2.551091089844703674e-02,1.529301106929779053e-01,7.886359840631484985e-02,-4.863703995943069458e-02,-5.543826846405863762e-04,-2.279378101229667664e-02,-1.365463342517614365e-02,8.934212476015090942e-02,6.733106076717376709e-02,1.427286118268966675e-01,-1.432326138019561768e-01,-5.015335977077484131e-02,9.388861805200576782e-02,-1.644927635788917542e-02,-4.047791287302970886e-02,-7.005476951599121094e-02,-6.088794767856597900e-02,1.220027804374694824e-01,8.983688801527023315e-02,2.472420968115329742e-02,-3.793787444010376930e-03,1.004755031317472458e-03,9.645896404981613159e-02,3.768312186002731323e-02,8.843100629746913910e-03,-3.242145478725433350e-02,7.142762094736099243e-02,-5.094182863831520081e-02,-2.144452417269349098e-03,-5.586751922965049744e-02,3.494900837540626526e-02,-2.061615139245986938e-01,7.836150936782360077e-03,6.831582635641098022e-02,3.265479579567909241e-02,-6.098589673638343811e-02,-1.425497531890869141e-01,1.145327650010585785e-02,1.954970061779022217e-01
-4.953251779079437256e-02,-1.013536285609006882e-02,6.108613312244415283e-02,-7.904716581106185913e-02,1.110084205865859985e-01,1.345640867948532104e-01,4.095993936061859131e-02,-8.752314001321792603e-02,-1.263816375285387039e-02,-1.088290102779865265e-02,-1.327126324176788330e-01,-3.059721924364566803e-02,1.854996383190155029e-02,-4.286381974816322327e-02,4.957128688693046570e-02,-1.273130998015403748e-02,8.754646778106689453e-02,5.588038265705108643e-02,7.507701218128204346e-02,6.416498869657516479e-02,1.664637005887925625e-03,-1.121705844998359680e-01,-1.010774970054626465e-01,1.792779564857482910e-01,2.443981617689132690e-01,2.214677259325981140e-02,-2.835835888981819153e-02,4.377884790301322937e-02,1.874122954905033112e-02,-3.150754794478416443e-02,-1.232251618057489395e-02,-9.743363410234451294e-02,2.496718801558017731e-02,-4.012175835669040680e-03,-7.264555245637893677e-02,9.923159331083297729e-02,9.295033663511276245e-02,-3.390138968825340271e-02,-1.260309596545994282e-03,-1.652984134852886200e-02,-5.379982292652130127e-03,-4.122437164187431335e-02,2.810711786150932312e-02,-2.341161109507083893e-02,-5.724705010652542114e-02,-1.062690392136573792e-01,8.726090192794799805e-02,1.539805829524993896e-01,2.491297945380210876e-02,1.007341034710407257e-02,1.476082112640142441e-02,-8.913939446210861206e-02,-1.417667567729949951e-01,-8.480510860681533813e-02,-9.943142533302307129e-02,-1.127196326851844788e-01,-8.066265285015106201e-02,-4.966660216450691223e-02,-1.493665575981140137e-01,-5.183082446455955505e-02,1.373317744582891464e-02,-4.667262360453605652e-02,3.696478903293609619e-02,9.967282414436340332e-02,2.295045852661132812e-01,-9.373968839645385742e-02,1.451900303363800049e-01,1.138069182634353638e-01,6.491027027368545532e-02,1.157940700650215149e-01,-3.280806355178356171e-03,-6.405303627252578735e-02,1.866801530122756958e-01,1.792912930250167847e-01,3.890090435743331909e-02,1.043499186635017395e-01,-1.119780763983726501e-01,2.914219722151756287e-02,-3.753114119172096252e-02,3.428336977958679199e-02,-3.517820313572883606e-02,-5.046383943408727646e-03,7.437340170145034790e-02,-2.433966472744941711e-02,1.774578392505645752e-01,6.085822358727455139e-02,-3.422186896204948425e-02,3.099041618406772614e-02,-3.996867313981056213e-02,-2.760584652423858643e-02,7.626415044069290161e-02,-2.364236302673816681e-02,-3.843117877840995789e-02,2.517885714769363403e-02,-7.563239336013793945e-02,8.660188876092433929e-03,2.159384638071060181e-02,7.689215987920761108e-02,-1.143724471330642700e-02,-8.680645376443862915e-02,-1.653886772692203522e-02,1.273202747106552124e-01,2.189692342653870583e-03,-8.935391902923583984e-03,6.741557270288467407e-02,3.171176090836524963e-02,4.813119396567344666e-02,1.323731541633605957e-01,7.688795030117034912e-02,-7.533437572419643402e-03,-2.466738224029541016e-02,6.776142865419387817e-02,-3.628212958574295044e-02,-1.050471793860197067e-03,3.411363065242767334e-02,3.760033473372459412e-02,6.437342613935470581e-02,3.300167992711067200e-02,1.489633321762084961e-02,1.090675368905067444e-01,-6.821215152740478516e-02,1.127347126603126526e-01,8.267512172460556030e-02,3.757346048951148987e-02,-9.664893150329589844e-05,-1.360147446393966675e-01,4.890170693397521973e-02,1.671646833419799805e-01
9.806735441088676453e-03,3.464058740064501762e-03,1.299004852771759033e-01,-1.209942102432250977e-01,7.267694175243377686e-02,1.496556997299194336e-01,-4.215095657855272293e-03,-7.362410891801118851e-03,2.216759510338306427e-02,-4.460906237363815308e-02,-9.033492207527160645e-02,3.160942578688263893e-03,2.134362421929836273e-02,-4.377098288387060165e-03,4.250624775886535645e-02,-8.064447343349456787e-02,5.874715745449066162e-02,3.842987120151519775e-02,3.284859238192439079e-03,5.428461357951164246e-02,1.874158717691898346e-02,-3.127418458461761475e-02,-1.157783791422843933e-01,1.427246034145355225e-01,1.911635398864746094e-01,-6.087547168135643005e-02,-4.005917347967624664e-03,-1.663161814212799072e-02,1.220222283154726028e-02,-5.366786569356918335e-02,-3.702946007251739502e-02,-7.562205940485000610e-02,2.083455771207809448e-02,-3.160050138831138611e-02,-2.823579497635364532e-02,1.218652948737144470e-01,6.661733612418174744e-03,-6.451828777790069580e-02,6.692408351227641106e-04,1.193729192018508911e-01,1.789250597357749939e-02,-2.200849913060665131e-02,9.562587365508079529e-03,-3.828470781445503235e-02,-1.060465499758720398e-01,-7.671143859624862671e-02,8.791477233171463013e-02,7.596509158611297607e-02,-8.287370949983596802e-02,2.974541299045085907e-02,9.571916610002517700e-02,-3.543213382363319397e-02,-8.845523744821548462e-02,-2.316870540380477905e-02,-6.306839734315872192e-02,-9.201855957508087158e-02,-6.864196062088012695e-02,-6.728599220514297485e-02,-1.293902844190597534e-01,-2.161270193755626678e-02,-1.085283327847719193e-02,-2.180537395179271698e-02,8.629831671714782715e-02,7.005088776350021362e-02,2.172302156686782837e-01,-1.352197676897048950e-02,7.119681686162948608e-02,1.066841259598731995e-01,4.167055338621139526e-02,7.137271016836166382e-02,-3.076124563813209534e-02,-3.978859260678291321e-02,2.153846621513366699e-01,1.347796618938446045e-01,2.671749889850616455e-02,1.177721098065376282e-01,-1.405545603483915329e-02,6.120389327406883240e-02,-3.949544578790664673e-02,1.354939118027687073e-02,-7.351219654083251953e-02,2.324635908007621765e-02,4.597138613462448120e-02,8.949037874117493629e-04,1.153971403837203979e-01,8.850295841693878174e-02,1.206887606531381607e-02,4.004635382443666458e-03,-5.338990315794944763e-02,-5.185891687870025635e-02,1.245018690824508667e-01,6.379078328609466553e-02,-8.474674075841903687e-02,2.078111656010150909e-02,-4.489451181143522263e-03,1.652537100017070770e-02,4.909703508019447327e-02,5.544893816113471985e-02,1.281864643096923828e-01,-1.171298548579216003e-01,-8.315192535519599915e-03,1.030221134424209595e-01,-1.094461418688297272e-02,-1.992489024996757507e-02,-6.449788343161344528e-03,-7.146323472261428833e-02,6.246267631649971008e-02,4.955101758241653442e-03,4.202401638031005859e-02,2.555201388895511627e-02,-6.749258376657962799e-03,8.462103456258773804e-02,4.627073928713798523e-02,2.446401305496692657e-02,-3.315874934196472168e-02,8.564387261867523193e-02,-7.944951765239238739e-03,7.559423334896564484e-03,-4.221253469586372375e-02,5.999349057674407959e-02,-1.849835366010665894e-01,6.041312962770462036e-02,1.045439317822456360e-01,2.796578779816627502e-02,-5.657932534813880920e-02,-1.128436550498008728e-01,-2.076767943799495697e-02,2.061185389757156372e-01
-3.456231579184532166e-02,-4.001750051975250244e-02,5.422117933630943298e-02,-6.058868020772933960e-02,1.567620784044265747e-01,7.771627604961395264e-02,5.917615443468093872e-02,-8.825818449258804321e-02,4.488828405737876892e-02,2.684975601732730865e-02,-1.160475015640258789e-01,-5.414733290672302246e-02,-7.301021367311477661e-03,-1.839495450258255005e-02,2.348705939948558807e-02,-1.023811921477317810e-01,4.072242602705955505e-02,7.371081411838531494e-02,9.070924669504165649e-02,9.892442077398300171e-02,3.529532626271247864e-02,-7.483982294797897339e-02,-7.448290288448333740e-02,1.745544075965881348e-01,2.092332243919372559e-01,5.738817527890205383e-02,6.555721908807754517e-02,4.778961092233657837e-02,4.403471201658248901e-02,4.752203449606895447e-02,-3.670315071940422058e-02,-1.374127268791198730e-01,-3.173679485917091370e-02,1.792247779667377472e-02,3.503665793687105179e-03,1.031623110175132751e-01,1.013080254197120667e-01,-4.918833263218402863e-03,6.921498477458953857e-02,8.336492627859115601e-02,5.918550491333007812e-02,1.606764085590839386e-02,5.561622977256774902e-02,8.238253649324178696e-04,-7.059457898139953613e-02,-9.205248206853866577e-02,1.109597533941268921e-01,1.576658934354782104e-01,2.859810739755630493e-02,-9.379681432619690895e-04,4.028956964612007141e-02,-9.589861333370208740e-02,-1.284815669059753418e-01,-2.616907469928264618e-02,-2.535910718142986298e-02,-4.723552986979484558e-02,-1.046153306961059570e-01,-3.052201122045516968e-02,-1.393047124147415161e-01,1.349581778049468994e-02,-6.563389673829078674e-03,-2.643109485507011414e-02,4.163708165287971497e-02,2.581888576969504356e-03,1.753333359956741333e-01,-5.290577653795480728e-03,1.264216005802154541e-01,1.126906946301460266e-01,5.378637835383415222e-02,1.049264296889305115e-01,2.780998498201370239e-02,-6.020010635256767273e-02,2.336986809968948364e-01,2.025712132453918457e-01,1.200045123696327209e-01,1.102998256683349609e-01,-5.897604301571846008e-02,4.944313317537307739e-03,-9.402897208929061890e-02,2.111692912876605988e-02,2.050779759883880615e-02,6.329496949911117554e-02,-1.892039738595485687e-02,-2.798728644847869873e-03,1.815017014741897583e-01,7.797750830650329590e-02,6.992851383984088898e-03,-3.148643672466278076e-02,-4.219266399741172791e-02,-3.152684122323989868e-02,1.478590369224548340e-01,6.481364369392395020e-02,-8.798474818468093872e-02,-1.500651706010103226e-02,-1.231073634698987007e-03,9.210226684808731079e-02,7.099581509828567505e-02,-1.588929072022438049e-02,-9.632109664380550385e-03,-1.028295755386352539e-01,-4.139333590865135193e-02,1.291642338037490845e-01,3.806716948747634888e-02,1.096943672746419907e-02,-1.280899345874786377e-02,-7.263085339218378067e-03,1.366130728274583817e-02,6.007146835327148438e-02,6.382871419191360474e-02,2.853802638128399849e-03,-3.008613549172878265e-02,5.162648484110832214e-02,-8.279342204332351685e-03,-2.799440547823905945e-02,-3.042887523770332336e-02,1.422282308340072632e-02,1.279778778553009033e-02,4.933577403426170349e-02,-7.493643462657928467e-02,9.361460059881210327e-02,-1.046301871538162231e-01,-1.699803513474762440e-03,7.271508872509002686e-02,4.090043157339096069e-02,-4.550131782889366150e-02,-1.030321121215820312e-01,-2.809487283229827881e-03,2.067026197910308838e-01
3.797423327341675758e-03,-5.433177109807729721e-03,1.446885913610458374e-01,-1.414968669414520264e-01,3.243360295891761780e-02,1.186548247933387756e-01,4.667166620492935181e-02,4.634796828031539917e-02,7.436390966176986694e-02,5.650918930768966675e-02,-3.653904423117637634e-02,1.813156157732009888e-02,6.345478445291519165e-02,-5.387193337082862854e-02,-7.830473035573959351e-02,-1.571738123893737793e-01,2.930079028010368347e-02,9.844066947698593140e-02,5.213625356554985046e-02,7.588343322277069092e-02,8.093649893999099731e-02,-3.405159711837768555e-02,-1.272003203630447388e-01,1.601306647062301636e-01,2.299655377864837646e-01,-9.932715445756912231e-02,1.786205731332302094e-02,4.416770115494728088e-02,-1.220949366688728333e-02,-1.039396822452545166e-01,-8.502021431922912598e-02,-6.148487702012062073e-02,-6.908178329467773438e-05,-5.085870623588562012e-02,4.606405645608901978e-02,1.360848098993301392e-01,2.526112087070941925e-02,-5.854070931673049927e-02,-4.602295532822608948e-02,1.453635990619659424e-01,7.682680338621139526e-02,4.326055198907852173e-02,5.003948137164115906e-02,-3.962104395031929016e-02,-1.522001922130584717e-01,-1.418506205081939697e-01,4.070129990577697754e-02,8.967030048370361328e-02,-7.219208031892776489e-02,7.452324777841567993e-02,1.327141560614109039e-02,-8.518675714731216431e-02,-8.015902340412139893e-02,-4.616305977106094360e-02,-4.686065018177032471e-02,-2.494172193109989166e-02,-1.075020134449005127e-01,-6.121819838881492615e-02,-1.023590192198753357e-01,3.115315688773989677e-03,-1.481063943356275558e-02,-1.109661813825368881e-02,6.308633089065551758e-02,3.257542848587036133e-02,2.032424509525299072e-01,-5.759978666901588440e-02,1.364203989505767822e-01,8.746431767940521240e-02,1.393391843885183334e-02,5.243702605366706848e-02,-5.394919216632843018e-02,-8.912195265293121338e-02,2.319220155477523804e-01,1.448334604501724243e-01,7.484310120344161987e-02,2.033911347389221191e-01,7.840754091739654541e-02,5.016225948929786682e-02,3.732451051473617554e-02,4.677610844373703003e-02,-1.261373013257980347e-01,-3.485860675573348999e-02,-2.616309793666005135e-03,2.092386595904827118e-02,3.498189896345138550e-02,5.393840745091438293e-02,2.845931053161621094e-02,3.880479559302330017e-02,2.454074099659919739e-02,-7.542484998703002930e-02,1.865878850221633911e-01,1.151353716850280762e-01,-6.267353147268295288e-02,2.709292341023683548e-03,2.075373940169811249e-02,-3.454412519931793213e-02,8.437427133321762085e-02,1.606644690036773682e-02,1.355434954166412354e-01,-1.736583262681961060e-01,-6.108507141470909119e-02,8.401298522949218750e-02,-4.568693693727254868e-03,2.276268415153026581e-02,-2.764858119189739227e-02,-2.255006507039070129e-02,9.458429366350173950e-02,6.530759483575820923e-02,4.861126095056533813e-02,1.055904664099216461e-02,7.659492548555135727e-03,8.681358397006988525e-02,2.764563262462615967e-02,-3.359575569629669189e-02,-3.330425545573234558e-02,3.361960127949714661e-02,-9.543694555759429932e-03,-2.298233099281787872e-02,-4.960740730166435242e-02,3.546752035617828369e-02,-1.988839656114578247e-01,4.144721478223800659e-02,7.238605618476867676e-02,4.192033782601356506e-02,-2.697805315256118774e-02,-1.349334120750427246e-01,2.450770698487758636e-02,1.875457167625427246e-01
3.428398817777633667e-02,2.652886696159839630e-02,1.008111312985420227e-01,-1.180933341383934021e-01,6.262360839173197746e-04,1.768207922577857971e-02,-5.764535069465637207e-02,-1.633239351212978363e-02,8.680858463048934937e-02,3.972937911748886108e-02,-1.010615900158882141e-01,-1.800962164998054504e-02,-7.415890693664550781e-02,1.433744933456182480e-02,9.348477423191070557e-02,-3.822992369532585144e-02,-8.249123580753803253e-03,7.389170676469802856e-02,7.388626039028167725e-02,4.022875428199768066e-02,3.626608848571777344e-02,-4.108233749866485596e-02,-1.133570969104766846e-01,2.021217346191406250e-01,1.880354434251785278e-01,-2.300228225067257881e-03,4.107183218002319336e-02,3.097514435648918152e-02,7.207224518060684204e-02,-4.266326129436492920e-02,-4.753452166914939880e-02,-4.350551217794418335e-02,-1.664529182016849518e-02,-3.135386109352111816e-02,1.814279519021511078e-02,1.394614726305007935e-01,3.842505067586898804e-02,-5.563382804393768311e-02,-2.341757155954837799e-02,9.810709208250045776e-02,2.107144147157669067e-02,-6.640770286321640015e-02,5.787014216184616089e-02,-3.002589941024780273e-02,-1.804124265909194946e-01,-1.439308971166610718e-01,2.973231300711631775e-02,1.427503973245620728e-01,3.043307177722454071e-02,-1.332463324069976807e-02,7.301393896341323853e-02,-4.934962093830108643e-02,-6.693276017904281616e-02,-1.176591962575912476e-02,-7.446929812431335449e-02,-7.669070363044738770e-02,-3.816796839237213135e-02,5.179924424737691879e-03,-6.488955765962600708e-02,-2.526903524994850159e-03,-1.494323182851076126e-02,2.072609588503837585e-02,1.108826994895935059e-01,1.154132932424545288e-02,1.370540857315063477e-01,-6.321349740028381348e-02,6.561149656772613525e-02,6.468573212623596191e-02,5.074195191264152527e-02,6.089928373694419861e-02,3.138092160224914551e-02,-1.325952634215354919e-02,1.559929102659225464e-01,9.210037440061569214e-02,5.196707323193550110e-02,1.364218890666961670e-01,3.302740864455699921e-03,9.892318397760391235e-02,-3.806589171290397644e-02,-5.438517034053802490e-02,4.508782550692558289e-02,4.345494881272315979e-02,1.473466027528047562e-02,1.159514579921960831e-02,1.089865416288375854e-01,5.120027810335159302e-02,-1.350916549563407898e-02,1.501560397446155548e-02,-1.419132947921752930e-02,-2.935793250799179077e-02,7.700814306735992432e-02,6.135373935103416443e-02,-2.086589485406875610e-02,5.060788244009017944e-02,-3.971691429615020752e-02,-3.640737384557723999e-02,8.566831797361373901e-02,5.758122727274894714e-02,-8.669278770685195923e-02,-1.232745647430419922e-01,-4.901245608925819397e-02,1.246836781501770020e-01,7.136010378599166870e-02,5.922188609838485718e-02,9.173999540507793427e-03,-1.368221640586853027e-01,7.110528647899627686e-02,1.051612868905067444e-01,3.203338384628295898e-02,-1.407110039144754410e-02,4.482722654938697815e-02,5.862544476985931396e-02,1.838679425418376923e-02,2.210727520287036896e-02,-9.627281688153743744e-03,3.440451622009277344e-02,-4.187731444835662842e-02,4.751112312078475952e-02,-2.138687670230865479e-02,7.361140102148056030e-02,-1.553757190704345703e-01,-5.360223352909088135e-03,7.077807188034057617e-02,8.292752318084239960e-03,-4.871659725904464722e-02,-1.017602756619453430e-01,1.893785409629344940e-02,1.712098419666290283e-01
1.554852444678544998e-02,-3.876917064189910889e-02,2.813648059964179993e-02,-9.223341941833496094e-02,5.096786096692085266e-02,8.855695277452468872e-02,1.655891910195350647e-02,-3.757929056882858276e-02,2.067131176590919495e-02,2.631402015686035156e-02,-3.990431129932403564e-02,-4.853009304497390985e-04,9.361916221678256989e-03,-3.440148383378982544e-02,-8.058581501245498657e-03,-3.869426995515823364e-02,3.903222456574440002e-02,4.862347990274429321e-02,6.035570427775382996e-02,6.809417903423309326e-02,2.657568082213401794e-02,-3.014836274087429047e-02,-5.874878913164138794e-02,9.951356798410415649e-02,1.296027153730392456e-01,-8.406351320445537567e-03,1.528698112815618515e-02,1.990606263279914856e-02,3.353000059723854065e-02,1.169973704963922501e-02,-4.777960944920778275e-03,-7.447359710931777954e-02,1.271194126456975937e-02,-2.093530446290969849e-02,-4.754053056240081787e-02,3.868858888745307922e-02,-9.914035908877849579e-04,-3.954748436808586121e-02,5.172533914446830750e-03,3.146809712052345276e-02,5.566496402025222778e-02,-2.200709842145442963e-02,2.624013461172580719e-02,-6.055936217308044434e-03,-5.255001783370971680e-02,-6.190832704305648804e-02,5.920252203941345215e-02,5.737463012337684631e-02,-1.225761696696281433e-02,9.751754812896251678e-03,4.444196820259094238e-02,-5.413291975855827332e-02,-8.255123347043991089e-02,-1.661469414830207825e-02,-2.665448188781738281e-02,-4.517704993486404419e-02,-5.183103308081626892e-02,-6.651798635721206665e-02,-1.049817800521850586e-01,-4.936119168996810913e-02,-1.096963300369679928e-03,1.019645016640424728e-02,-2.896777121350169182e-03,2.698400802910327911e-02,1.067235171794891357e-01,-4.667915776371955872e-02,5.964444950222969055e-02,4.517110437154769897e-02,1.501235645264387131e-02,7.827797532081604004e-02,-7.241748273372650146e-03,-6.661548465490341187e-02,1.236088797450065613e-01,6.300433725118637085e-02,6.111311912536621094e-02,5.007437616586685181e-02,-4.050168767571449280e-02,1.355949230492115021e-02,-2.548368833959102631e-02,1.843493804335594177e-02,-3.165792673826217651e-02,-3.292359411716461182e-02,-2.356670610606670380e-02,-2.113775350153446198e-02,2.668953128159046173e-02,1.930971071124076843e-02,3.857607394456863403e-02,-4.226986784487962723e-03,-3.926459327340126038e-02,-3.976919502019882202e-02,7.975257933139801025e-02,4.317928478121757507e-02,-4.254911467432975769e-02,2.118312008678913116e-02,-3.357427194714546204e-03,-4.433423280715942383e-03,4.516152665019035339e-02,6.553824059665203094e-03,6.039426196366548538e-03,-4.807955026626586914e-02,-2.172009088099002838e-02,3.517736867070198059e-02,-3.205728903412818909e-02,-7.036807946860790253e-03,1.571469195187091827e-02,-1.476806215941905975e-02,1.216482650488615036e-02,1.792081072926521301e-02,-2.259816508740186691e-03,-3.236043732613325119e-03,-1.864136755466461182e-02,1.552448049187660217e-02,2.986147813498973846e-02,1.688647456467151642e-02,-5.078443139791488647e-02,2.827775105834007263e-02,1.719722338020801544e-02,2.914071083068847656e-02,-6.548143178224563599e-02,2.566611021757125854e-02,-6.616275757551193237e-02,2.616418898105621338e-02,7.697255909442901611e-02,2.306582406163215637e-02,-4.042381793260574341e-02,-7.161948829889297485e-02,1.957321166992187500e-02,1.391816139221191406e-01
3.936210647225379944e-03,-4.824888333678245544e-02,8.147508651018142700e-02,-1.024369299411773682e-01,1.038155481219291687e-01,1.302074044942855835e-01,-1.262067933566868305e-03,-2.886381372809410095e-02,-2.171353437006473541e-02,-8.749143779277801514e-02,-8.661863207817077637e-02,-5.846060812473297119e-02,6.104056164622306824e-02,-7.339173555374145508e-02,6.320191174745559692e-02,-7.735010981559753418e-02,-4.411042202264070511e-03,1.046200767159461975e-01,-5.661090835928916931e-02,4.768792539834976196e-02,3.219781070947647095e-02,-5.475074052810668945e-02,-1.111900359392166138e-01,1.218643113970756531e-01,2.216532677412033081e-01,-1.431221142411231995e-02,4.981797561049461365e-02,-1.843466795980930328e-02,4.362041875720024109e-02,-3.012484125792980194e-02,-2.640956267714500427e-02,-9.627877920866012573e-02,5.819021910429000854e-02,1.704005524516105652e-03,-5.055235233157873154e-03,7.597018778324127197e-02,1.581957004964351654e-02,-7.357797026634216309e-02,4.399958252906799316e-02,1.340248584747314453e-01,3.075115382671356201e-02,9.530581533908843994e-03,2.336127310991287231e-02,-5.788232386112213135e-02,-2.216246910393238068e-02,-1.438217014074325562e-01,1.049438863992691040e-01,1.824466884136199951e-01,-6.538356095552444458e-02,2.595857530832290649e-02,1.067774966359138489e-01,-6.048198789358139038e-02,1.966059207916259766e-04,1.128774508833885193e-02,-5.864368006587028503e-02,-8.379412442445755005e-02,-1.299975365400314331e-01,-7.275828719139099121e-02,-1.299648433923721313e-01,-4.590988904237747192e-02,-1.385635882616043091e-02,1.852214336395263672e-04,9.563392400741577148e-02,7.144520431756973267e-02,2.204127907752990723e-01,-6.328220665454864502e-02,9.828384965658187866e-02,4.436231032013893127e-02,-3.946967795491218567e-02,9.754295460879802704e-04,-8.360330760478973389e-02,1.743256114423274994e-02,2.222965806722640991e-01,1.194344907999038696e-01,6.229649111628532410e-02,1.331999450922012329e-01,-5.701509304344654083e-03,8.164531737565994263e-02,2.883111312985420227e-02,1.017318069934844971e-01,-1.422905772924423218e-01,2.709750086069107056e-02,4.512741416692733765e-02,4.952539224177598953e-03,1.573709696531295776e-01,5.397727340459823608e-02,-5.220037419348955154e-03,-1.108660362660884857e-02,-6.853402405977249146e-02,-3.059683181345462799e-02,1.015994772315025330e-01,9.098589420318603516e-02,-4.061679914593696594e-02,1.486069709062576294e-02,6.417095661163330078e-03,-1.724516041576862335e-02,8.571783453226089478e-02,6.330515444278717041e-02,7.855294644832611084e-02,-9.015449136495590210e-02,1.551330555230379105e-02,8.337900787591934204e-02,-4.818290472030639648e-02,-1.654402166604995728e-02,-1.149055454879999161e-02,-9.195872582495212555e-03,5.614303424954414368e-02,1.597196981310844421e-02,3.693350777029991150e-02,2.942111901938915253e-02,-8.181418292224407196e-03,6.553108245134353638e-02,-1.636555604636669159e-02,-1.709568686783313751e-02,-1.422085706144571304e-02,8.857034146785736084e-02,-1.056923717260360718e-02,7.244399748742580414e-03,-6.079578027129173279e-02,3.782177716493606567e-02,-1.746736615896224976e-01,4.558699950575828552e-02,1.098281443119049072e-01,6.872267276048660278e-02,1.328255794942378998e-02,-1.517514735460281372e-01,-6.259095668792724609e-02,1.805298775434494019e-01
2.010533213615417480e-02,5.011679977178573608e-02,1.502926498651504517e-01,-1.439273655414581299e-01,1.150359362363815308e-01,1.478128284215927124e-01,-1.335118245333433151e-02,2.060556411743164062e-02,9.189902245998382568e-02,2.310636453330516815e-02,-1.098415777087211609e-01,-1.728019863367080688e-02,-1.383989118039608002e-03,-1.866216212511062622e-02,-1.837910525500774384e-02,-1.285763084888458252e-01,4.493992030620574951e-02,3.050734987482428551e-03,-5.206533521413803101e-02,8.703591674566268921e-02,4.447257146239280701e-02,-6.616937369108200073e-02,-8.368078619241714478e-02,1.867911964654922485e-01,2.054892480373382568e-01,-2.947087213397026062e-02,7.585854828357696533e-02,1.905213482677936554e-02,-1.854308322072029114e-02,-9.826514124870300293e-02,-3.597294911742210388e-02,-1.161116883158683777e-01,-5.847297608852386475e-03,-1.781501434743404388e-02,-1.162049919366836548e-01,8.583565801382064819e-02,4.781081527471542358e-02,-3.940459713339805603e-02,-1.754640042781829834e-02,6.975936144590377808e-02,-1.801200397312641144e-02,5.974188074469566345e-02,4.019218310713768005e-02,3.781472146511077881e-02,-5.298154428601264954e-02,-9.771215170621871948e-02,1.198287680745124817e-01,7.394770532846450806e-02,-4.561478272080421448e-02,6.643730401992797852e-02,2.563582174479961395e-02,-2.992230840027332306e-02,-5.293547734618186951e-02,-5.491346865892410278e-02,-6.431365013122558594e-02,-1.358782872557640076e-02,-4.211343824863433838e-02,-4.216374829411506653e-02,-1.001730561256408691e-01,1.886388286948204041e-02,8.736029267311096191e-03,1.335532311350107193e-02,5.245117470622062683e-02,5.899380519986152649e-02,1.911845803260803223e-01,-7.573089748620986938e-02,8.792518824338912964e-02,8.697492629289627075e-02,4.427117854356765747e-02,4.837480187416076660e-02,-4.805802553892135620e-02,-1.283570677042007446e-01,1.456530392169952393e-01,9.502814710140228271e-02,6.429026275873184204e-02,1.880884617567062378e-01,1.414818409830331802e-02,5.389986559748649597e-02,2.617633715271949768e-02,5.625756457448005676e-02,-3.793527558445930481e-02,1.457206439226865768e-02,2.882504276931285858e-02,3.616406023502349854e-02,6.863671541213989258e-02,-4.754954017698764801e-03,-1.046938076615333557e-02,-4.060278832912445068e-02,-2.162801474332809448e-02,-9.124978445470333099e-03,1.580091565847396851e-01,9.341440349817276001e-02,-5.982577428221702576e-02,3.059945441782474518e-02,2.629564516246318817e-02,-2.505501732230186462e-02,3.465360775589942932e-02,1.537708379328250885e-02,6.911715865135192871e-02,-8.813386410474777222e-02,-9.732335060834884644e-02,1.096767559647560120e-01,3.753941738978028297e-03,-2.151851356029510498e-02,-2.078492753207683563e-02,-7.231515645980834961e-02,1.333238631486892700e-01,1.141297593712806702e-01,5.990202724933624268e-02,1.714346930384635925e-03,-5.027441307902336121e-02,-1.455383002758026123e-02,-3.355345502495765686e-02,2.326479554176330566e-02,-6.630530208349227905e-02,1.229590643197298050e-02,2.678340673446655273e-02,4.187921807169914246e-02,-1.483230106532573700e-02,4.243586678057909012e-03,-1.990876644849777222e-01,8.260307367891073227e-04,4.781711846590042114e-02,6.479865312576293945e-02,-2.495983056724071503e-02,-1.155319362878799438e-01,2.316036447882652283e-02,1.886697411537170410e-01
9.790434502065181732e-03,1.446216250769793987e-03,3.155926242470741272e-02,-4.915007203817367554e-02,1.529434043914079666e-02,4.606203362345695496e-02,-1.642082445323467255e-02,-2.860989794135093689e-02,-2.855164930224418640e-02,9.765671566128730774e-03,-3.749358281493186951e-02,-9.711678139865398407e-04,1.290553715080022812e-02,-2.437765244394540787e-03,6.666620261967182159e-03,-4.617613926529884338e-02,1.377897616475820541e-02,1.609472371637821198e-02,1.714657247066497803e-02,1.856947876513004303e-02,1.826369203627109528e-02,-2.481773123145103455e-02,8.324382361024618149e-04,2.517030946910381317e-02,6.112559512257575989e-02,8.073540404438972473e-03,1.267561782151460648e-02,-3.222895041108131409e-02,5.303421989083290100e-03,3.615333465859293938e-03,1.709029451012611389e-02,-3.333751112222671509e-02,2.101268852129578590e-03,-1.147422380745410919e-02,-4.428286477923393250e-02,2.425197884440422058e-02,1.345019880682229996e-02,-1.944695785641670227e-02,1.330285053700208664e-02,1.296968851238489151e-02,2.925685374066233635e-03,3.391521051526069641e-03,-1.417401805520057678e-02,2.591907978057861328e-04,1.884517725557088852e-03,-2.926592156291007996e-02,2.886056900024414062e-04,-6.091995630413293839e-03,-2.619170816615223885e-03,2.534344047307968140e-02,2.222282066941261292e-02,-2.723350562155246735e-02,-2.864291891455650330e-02,-7.112114224582910538e-03,-2.560993656516075134e-02,-3.058587573468685150e-02,-3.377403691411018372e-02,-3.403918445110321045e-02,-5.268007516860961914e-02,-1.759326644241809845e-02,-1.214605290442705154e-02,7.464746478945016861e-03,-2.000282332301139832e-02,4.066712688654661179e-03,2.517838217318058014e-02,-3.426074609160423279e-02,4.754363617394119501e-04,2.773577161133289337e-02,-5.560906138271093369e-03,1.062448415905237198e-02,-2.136679738759994507e-02,-3.102894313633441925e-02,5.048889294266700745e-02,3.602444007992744446e-02,3.147199377417564392e-02,4.169200360774993896e-02,-1.469539012759923935e-02,2.639139443635940552e-02,1.799487322568893433e-02,2.990280278027057648e-02,-2.634115144610404968e-02,5.497429519891738892e-03,-2.888194285333156586e-03,-4.095441196113824844e-03,-1.620529033243656158e-02,-2.745748125016689301e-02,-2.300720289349555969e-02,-1.195787917822599411e-02,-2.441567555069923401e-02,-3.373456746339797974e-02,3.875607997179031372e-02,1.706127449870109558e-02,-1.211562938988208771e-02,3.182579297572374344e-03,8.303361013531684875e-03,-4.610534757375717163e-03,1.923359185457229614e-02,2.510482445359230042e-03,2.104010898619890213e-03,-3.433123230934143066e-02,-2.160588093101978302e-02,2.530308812856674194e-02,-1.994631253182888031e-02,-9.842510335147380829e-04,-5.274871829897165298e-03,-2.734521403908729553e-02,1.409779768437147141e-02,-4.015870392322540283e-03,1.116449944674968719e-02,1.026871334761381149e-02,-2.793538384139537811e-02,-1.777571812272071838e-02,3.702772315591573715e-03,-1.606224337592720985e-03,-9.804828092455863953e-03,5.479817278683185577e-03,2.617485076189041138e-02,2.076142653822898865e-02,-2.256924845278263092e-02,-3.150244010612368584e-03,-4.294678196310997009e-02,-1.581641100347042084e-02,1.791550405323505402e-02,2.844054996967315674e-02,-4.254911467432975769e-02,-6.460808962583541870e-02,-7.389022503048181534e-03,7.176043838262557983e-02
5.671095475554466248e-02,9.878005832433700562e-02,1.693256795406341553e-01,-1.539912819862365723e-01,5.303783342242240906e-02,1.601227670907974243e-01,7.959710806608200073e-02,8.123072981834411621e-02,7.709877192974090576e-02,4.013809189200401306e-02,-1.320060789585113525e-01,-7.570774853229522705e-02,-3.251389414072036743e-02,-1.043852567672729492e-01,7.914756238460540771e-02,-8.978495001792907715e-02,8.191729895770549774e-03,5.586595274507999420e-03,4.669078812003135681e-02,2.962517552077770233e-02,1.808285154402256012e-02,-6.709941476583480835e-02,-1.288878023624420166e-01,2.293782532215118408e-01,2.320061475038528442e-01,6.059582903981208801e-02,-2.936072833836078644e-02,-8.312059938907623291e-02,-4.272323101758956909e-02,-2.245969139039516449e-02,1.244364492595195770e-02,-5.892588198184967041e-02,2.773958630859851837e-02,5.124468356370925903e-02,-9.461202472448348999e-02,8.924650400876998901e-02,3.612369671463966370e-02,-8.447860181331634521e-02,-5.471285060048103333e-02,5.316419154405593872e-02,3.150519356131553650e-02,-2.421927265822887421e-02,-1.029016915708780289e-02,1.621360331773757935e-02,-1.391024142503738403e-01,-1.739208996295928955e-01,7.549677975475788116e-03,6.536546349525451660e-02,2.211135439574718475e-02,8.104181289672851562e-02,-4.789881408214569092e-03,-9.622855484485626221e-02,-6.544317584484815598e-03,-4.385153949260711670e-02,-1.233648732304573059e-01,-1.268486082553863525e-01,-6.082206219434738159e-02,-3.398476913571357727e-02,-1.360839009284973145e-01,-3.743965923786163330e-02,2.392339147627353668e-02,-2.047714218497276306e-02,3.847010433673858643e-02,6.647226214408874512e-02,1.456681191921234131e-01,-5.195319652557373047e-02,7.162307202816009521e-02,1.047660335898399353e-01,1.087636873126029968e-01,1.783221215009689331e-01,3.357836976647377014e-02,-6.007577106356620789e-02,2.285634726285934448e-01,1.635838299989700317e-01,1.520755439996719360e-01,7.636103779077529907e-02,-1.650249026715755463e-02,3.230531513690948486e-02,-6.931009888648986816e-02,-1.836191676557064056e-02,2.602260559797286987e-02,4.680837318301200867e-02,4.469713568687438965e-02,6.383052468299865723e-02,4.040504619479179382e-02,4.552600439637899399e-03,-7.842587307095527649e-03,-1.433080527931451797e-02,-1.248363703489303589e-01,-1.032815724611282349e-01,1.748560518026351929e-01,1.002070605754852295e-01,-1.695539653301239014e-01,3.308039158582687378e-02,-8.004504442214965820e-02,-6.399510055780410767e-02,2.880503050982952118e-02,4.525205865502357483e-02,-3.500815108418464661e-02,-5.446647107601165771e-02,-6.940696388483047485e-02,1.300556585192680359e-02,-4.159135371446609497e-02,2.336511760950088501e-02,7.961552590131759644e-02,-2.595318108797073364e-02,1.468146592378616333e-01,9.833960235118865967e-02,2.167552523314952850e-02,2.536697126924991608e-02,-3.664868697524070740e-02,-6.092144642025232315e-03,-6.793736247345805168e-04,1.464676391333341599e-02,7.196782529354095459e-02,7.238099724054336548e-02,-1.033203676342964172e-02,-5.210381932556629181e-03,1.819871366024017334e-02,-3.142435802146792412e-03,-1.245125457644462585e-01,5.809475108981132507e-02,4.705747216939926147e-02,-4.774444270879030228e-03,-2.628039941191673279e-02,-1.966218054294586182e-01,-1.333363167941570282e-02,1.644405573606491089e-01
1.331429276615381241e-02,-2.899765968322753906e-04,2.528372406959533691e-02,-5.713669583201408386e-02,4.628730565309524536e-02,5.760047212243080139e-02,-8.134632371366024017e-03,-4.253301769495010376e-03,1.027181278914213181e-02,1.193281915038824081e-02,-4.010798409581184387e-02,-1.792927086353302002e-02,5.594552494585514069e-03,-2.098856680095195770e-02,-1.049345917999744415e-02,-5.583632364869117737e-02,1.935728825628757477e-02,3.421996161341667175e-02,3.099080175161361694e-02,3.652579709887504578e-02,2.385462634265422821e-03,-3.971069306135177612e-02,-3.214949369430541992e-02,6.702435016632080078e-02,7.440425455570220947e-02,2.058979589492082596e-03,1.156061305664479733e-03,-1.797294616699218750e-02,-2.010008879005908966e-02,4.850319121032953262e-03,-1.186353806406259537e-02,-6.093482673168182373e-02,1.505731255747377872e-03,6.926693487912416458e-03,-5.567654222249984741e-02,4.090072959661483765e-02,9.459896944463253021e-03,-3.915771096944808960e-02,-3.904620883986353874e-03,1.809998229146003723e-02,3.384173288941383362e-02,-2.540780231356620789e-02,-1.325943693518638611e-02,-1.151779014617204666e-02,-4.106026142835617065e-02,-4.888392984867095947e-02,3.710374608635902405e-02,5.222770199179649353e-02,-6.251133512705564499e-03,2.317052334547042847e-02,2.932535670697689056e-02,-3.550859540700912476e-02,-5.627981200814247131e-02,-1.493631768971681595e-02,-1.556756347417831421e-02,-4.578528180718421936e-02,-3.623239696025848389e-02,-2.098892629146575928e-02,-5.115438997745513916e-02,-1.064158976078033447e-02,1.133762858808040619e-02,6.359043531119823456e-03,1.048127096146345139e-02,-1.284078694880008698e-02,4.911041632294654846e-02,-2.980740554630756378e-02,4.993275552988052368e-02,3.520281985402107239e-02,1.425029616802930832e-02,5.753539502620697021e-02,2.268264815211296082e-02,-2.536923065781593323e-02,8.617766201496124268e-02,4.924241825938224792e-02,5.077845230698585510e-02,4.502156004309654236e-02,-5.554709956049919128e-02,-4.399598576128482819e-03,-1.807882823050022125e-02,-1.729130744934082031e-04,-1.002888940274715424e-02,-5.654480680823326111e-02,-1.578089594841003418e-02,-2.966841915622353554e-03,2.226449362933635712e-02,9.757297113537788391e-03,6.238169968128204346e-03,-7.595809642225503922e-03,-3.234940767288208008e-02,1.539826765656471252e-02,7.292888313531875610e-02,2.722079120576381683e-02,-3.671115636825561523e-02,1.795468502677977085e-03,-1.156671810895204544e-02,-2.073702169582247734e-03,3.161928057670593262e-02,9.352828375995159149e-03,1.259820442646741867e-02,-6.314842402935028076e-02,-3.532292321324348450e-02,2.398909442126750946e-02,-9.001934900879859924e-03,3.723800182342529297e-04,2.823972515761852264e-02,-2.788809500634670258e-02,2.124189585447311401e-02,1.389595679938793182e-02,8.578983135521411896e-03,-2.890144847333431244e-02,-1.348476205021142960e-02,-1.142888679169118404e-03,1.473951712250709534e-02,1.209526555612683296e-03,-1.783676259219646454e-02,1.857028342783451080e-02,1.819710433483123779e-02,7.305699866265058517e-03,-2.311404608190059662e-02,2.962073870003223419e-02,-5.661865696310997009e-02,1.880464609712362289e-03,3.592368960380554199e-02,1.686907559633255005e-02,-3.246220946311950684e-02,-5.247458815574645996e-02,-1.124995946884155273e-02,9.683033078908920288e-02
-8.045409806072711945e-03,-5.992878228425979614e-02,9.659966081380844116e-02,-1.531914174556732178e-01,1.776588521897792816e-02,1.288534551858901978e-01,-2.601626329123973846e-02,-4.145881533622741699e-02,2.076192945241928101e-02,3.051986545324325562e-02,-4.205412045121192932e-02,2.383766695857048035e-02,6.076590716838836670e-02,-7.867590337991714478e-02,4.058276116847991943e-02,-1.349093765020370483e-01,6.997267901897430420e-02,1.009282693266868591e-01,4.030703753232955933e-02,7.817478477954864502e-02,4.986227303743362427e-02,-1.020083501935005188e-01,-8.211278915405273438e-02,1.124238744378089905e-01,2.371254265308380127e-01,9.503018110990524292e-03,2.020337246358394623e-02,-4.209803044795989990e-02,-7.951670885086059570e-02,5.932410433888435364e-02,-3.059138776734471321e-03,-1.042887866497039795e-01,9.541043639183044434e-02,1.459837518632411957e-02,-1.067579817026853561e-02,9.934730082750320435e-02,3.728686273097991943e-02,-1.163288578391075134e-01,2.444027550518512726e-02,7.989521324634552002e-02,1.928185671567916870e-02,-2.096542343497276306e-02,3.860577568411827087e-02,-2.394346520304679871e-02,-5.773006123490631580e-04,-1.359468996524810791e-01,1.085327118635177612e-01,1.371318548917770386e-01,6.527299992740154266e-03,1.007409468293190002e-01,3.818314149975776672e-02,-1.096562221646308899e-01,-3.963642567396163940e-02,1.246238686144351959e-02,-4.228955507278442383e-02,-9.217245131731033325e-02,-1.594734191894531250e-01,-7.756447046995162964e-02,-1.906041949987411499e-01,-4.532584920525550842e-02,-3.925561904907226562e-04,-2.657565101981163025e-02,3.840367542579770088e-03,5.529743060469627380e-02,1.864430904388427734e-01,-6.325759738683700562e-02,8.639980852603912354e-02,6.424114108085632324e-02,-5.323167890310287476e-02,5.461946129798889160e-02,-3.742355480790138245e-02,-4.952193424105644226e-02,2.063611745834350586e-01,1.238445490598678589e-01,8.023071289062500000e-02,1.673955619335174561e-01,-1.627947948873043060e-02,8.196126669645309448e-02,-3.003102168440818787e-02,1.951125334016978741e-03,-7.526702433824539185e-02,-8.822748437523841858e-03,7.059314846992492676e-02,6.896296050399541855e-03,1.175665929913520813e-01,3.539257124066352844e-02,-2.655641548335552216e-02,8.748157881200313568e-03,-2.985582128167152405e-02,-5.297385156154632568e-02,1.450497508049011230e-01,7.270892709493637085e-02,-1.094920281320810318e-02,3.601550683379173279e-02,-4.871865734457969666e-03,1.084446441382169724e-03,5.107397958636283875e-02,2.561893314123153687e-02,6.188502535223960876e-02,-1.367968767881393433e-01,-2.963407896459102631e-02,8.120759576559066772e-02,-1.698321662843227386e-02,-4.610654432326555252e-03,-1.028513349592685699e-02,1.094124745577573776e-02,4.397078603506088257e-02,2.764634788036346436e-03,7.393960654735565186e-02,3.370643779635429382e-02,-4.195261746644973755e-02,7.263357192277908325e-02,2.194504998624324799e-02,2.173896878957748413e-03,-2.769761020317673683e-03,7.271281629800796509e-02,8.145560324192047119e-02,1.910367608070373535e-02,-6.365524977445602417e-02,4.831146821379661560e-02,-1.148167699575424194e-01,-2.244114875793457031e-04,7.124351710081100464e-02,7.302816212177276611e-02,-3.984155878424644470e-02,-2.094623893499374390e-01,4.733930900692939758e-02,1.874487251043319702e-01
1.008142530918121338e-02,-7.854101713746786118e-04,1.085000336170196533e-01,-1.283172965049743652e-01,9.650450944900512695e-02,1.670570075511932373e-01,2.628111280500888824e-02,-3.438549488782882690e-02,9.256695210933685303e-02,1.129060517996549606e-02,1.588055863976478577e-02,4.162262380123138428e-02,5.700335279107093811e-02,-8.194053918123245239e-02,-3.540733084082603455e-02,-1.684478819370269775e-01,3.471203520894050598e-02,1.274138223379850388e-02,2.009359188377857208e-03,5.353595688939094543e-02,1.473028026521205902e-02,-5.105590820312500000e-02,-3.964343573898077011e-03,1.948524862527847290e-01,2.379884421825408936e-01,3.581888601183891296e-02,9.430535882711410522e-02,2.888933196663856506e-02,-7.393910549581050873e-03,1.428047847002744675e-02,-1.915878802537918091e-02,-1.059230491518974304e-01,2.474952675402164459e-02,-4.084917157888412476e-02,-3.377183526754379272e-02,9.768176078796386719e-02,4.823050647974014282e-02,-1.083928719162940979e-01,8.721122145652770996e-02,1.281376630067825317e-01,5.263100564479827881e-02,-5.764661473222076893e-04,6.157596036791801453e-02,5.995669588446617126e-02,-8.704727143049240112e-02,-1.433268338441848755e-01,6.056827679276466370e-02,7.470129430294036865e-02,-1.445007976144552231e-02,9.070821106433868408e-02,3.624489158391952515e-02,-1.359062790870666504e-01,-5.482718721032142639e-02,-3.090181201696395874e-02,-6.098108738660812378e-02,-1.076789796352386475e-01,-1.424666792154312134e-01,-7.624574750661849976e-02,-1.722224354743957520e-01,-8.404243737459182739e-02,-9.528347291052341461e-03,2.558626234531402588e-02,-2.614125795662403107e-02,5.489457026124000549e-02,1.659045815467834473e-01,-5.254603922367095947e-02,4.864509776234626770e-02,1.021129712462425232e-01,-7.072149217128753662e-02,5.777596309781074524e-02,-4.626969993114471436e-02,-4.950204864144325256e-02,2.339517921209335327e-01,1.419541090726852417e-01,1.192313134670257568e-01,1.198302134871482849e-01,-3.221463412046432495e-02,7.917417213320732117e-03,-1.797798089683055878e-02,6.739689409732818604e-02,-3.625111654400825500e-02,-7.778457365930080414e-03,2.913582511246204376e-02,-1.404035184532403946e-02,1.526582799851894379e-02,7.946914434432983398e-02,-8.041260298341512680e-04,5.401227623224258423e-02,-1.632000133395195007e-02,-9.031535685062408447e-02,1.626526713371276855e-01,7.016820460557937622e-02,1.424385979771614075e-02,3.846864448860287666e-03,5.211627855896949768e-02,2.849099226295948029e-02,5.551593378186225891e-02,-5.897666513919830322e-02,7.854226976633071899e-02,-1.324875801801681519e-01,-1.019030227325856686e-03,1.187254786491394043e-01,-4.190135747194290161e-02,-5.770678631961345673e-03,5.007016006857156754e-03,4.385949112474918365e-03,2.273319661617279053e-02,-2.596295066177845001e-02,9.359307587146759033e-02,3.429789096117019653e-02,-2.285561896860599518e-02,5.260342732071876526e-02,7.535374257713556290e-03,9.875541552901268005e-03,-5.696085281670093536e-03,1.045304983854293823e-01,4.440663009881973267e-02,2.630823291838169098e-03,-4.460002109408378601e-02,5.064130201935768127e-02,-1.370304077863693237e-01,1.631576754152774811e-02,9.659095108509063721e-02,1.125037595629692078e-01,-1.816204190254211426e-02,-1.093820407986640930e-01,2.539869025349617004e-02,1.931641995906829834e-01
3.382533043622970581e-02,-6.910790503025054932e-02,7.478217780590057373e-02,-1.046126708388328552e-01,3.329764679074287415e-02,1.360338032245635986e-01,-4.818343743681907654e-02,-7.843641191720962524e-02,-3.277518972754478455e-02,7.639437913894653320e-03,-6.335148215293884277e-02,2.751052379608154297e-04,9.065885096788406372e-02,-5.796454101800918579e-02,6.665220111608505249e-02,-1.412408351898193359e-01,3.087355196475982666e-02,1.005319803953170776e-01,7.202629745006561279e-02,6.030661985278129578e-02,6.508805602788925171e-02,-4.317259415984153748e-02,-9.758788347244262695e-02,1.359201222658157349e-01,2.366715073585510254e-01,6.622968940064311028e-04,-5.603731144219636917e-03,2.217268757522106171e-02,3.903802856802940369e-02,1.655349880456924438e-02,-4.059162735939025879e-02,-1.592880636453628540e-01,5.197473987936973572e-02,-6.253015249967575073e-02,3.964225947856903076e-02,1.044148802757263184e-01,4.623169079422950745e-02,-8.668799698352813721e-02,4.365370795130729675e-02,7.741782814264297485e-02,1.296364050358533859e-02,-1.112185865640640259e-01,6.093322858214378357e-02,-8.704620413482189178e-03,-7.987768203020095825e-02,-1.468993723392486572e-01,5.455450713634490967e-02,9.534283727407455444e-02,-5.321697145700454712e-02,6.498605757951736450e-02,8.120944350957870483e-02,-9.931286424398422241e-02,-1.448816955089569092e-01,-4.926477372646331787e-02,-8.314724266529083252e-02,-9.823697060346603394e-02,-1.449810862541198730e-01,-1.126533299684524536e-01,-1.240093186497688293e-01,-4.157270118594169617e-02,-3.688309341669082642e-02,-6.840688176453113556e-03,3.902166336774826050e-02,8.605657517910003662e-02,2.155326157808303833e-01,-1.012998148798942566e-01,8.717621862888336182e-02,8.471765369176864624e-02,8.416192978620529175e-02,1.057057827711105347e-01,-9.393536299467086792e-02,-7.893677800893783569e-02,2.075395584106445312e-01,1.335265189409255981e-01,1.095653101801872253e-01,1.215541884303092957e-01,-7.951896637678146362e-03,3.096290677785873413e-02,-1.142788771539926529e-02,2.537486329674720764e-02,-7.110439240932464600e-02,-1.724399812519550323e-02,6.560256332159042358e-02,-3.296333365142345428e-03,1.355038583278656006e-01,6.920064985752105713e-02,-6.329362280666828156e-03,5.599529296159744263e-02,4.768603015691041946e-03,-3.372634947299957275e-02,1.219567209482192993e-01,5.632824078202247620e-02,1.644907752051949501e-03,6.400459259748458862e-02,3.560696914792060852e-02,6.385000888258218765e-03,1.416773945093154907e-01,3.222993761301040649e-02,8.066990226507186890e-02,-6.525744497776031494e-02,-2.296268939971923828e-04,1.274950802326202393e-01,-3.181333839893341064e-02,-3.343914449214935303e-02,-6.549953250214457512e-04,-1.474827714264392853e-02,2.361233904957771301e-02,3.282577171921730042e-02,8.830345422029495239e-02,2.665594220161437988e-02,-1.031087990850210190e-02,1.627566479146480560e-02,-5.428072065114974976e-02,-2.454573754221200943e-03,9.244058281183242798e-03,1.082302406430244446e-01,2.540506236255168915e-02,-2.964854985475540161e-02,-1.602774485945701599e-02,3.294050320982933044e-02,-1.625585556030273438e-01,-1.284707337617874146e-02,1.034694239497184753e-01,8.898796141147613525e-02,1.819564588367938995e-02,-1.306243538856506348e-01,9.873823821544647217e-02,2.016258537769317627e-01
2.392758987843990326e-02,3.940918296575546265e-02,1.191427335143089294e-01,-9.837043285369873047e-02,6.497641652822494507e-02,8.387947082519531250e-02,3.395967558026313782e-02,3.104288829490542412e-03,-1.954818889498710632e-02,-9.708188474178314209e-03,-1.381382346153259277e-01,-3.778963536024093628e-02,2.053037658333778381e-02,-4.155185073614120483e-02,2.846419252455234528e-02,-9.917958825826644897e-02,7.920695841312408447e-02,8.998508006334304810e-02,7.973936200141906738e-02,6.634325534105300903e-02,3.751881793141365051e-02,-3.576207160949707031e-02,-8.011966943740844727e-02,1.636632978916168213e-01,2.177905738353729248e-01,-1.804626546800136566e-02,-7.534027099609375000e-05,-4.162221029400825500e-02,7.839727215468883514e-03,-6.001454219222068787e-02,-1.006943583488464355e-01,-1.343379765748977661e-01,-3.953882679343223572e-02,-5.143209174275398254e-02,5.515459459275007248e-03,1.150148734450340271e-01,6.810328364372253418e-02,-1.924690976738929749e-02,2.413796260952949524e-02,3.502845391631126404e-02,-2.046743035316467285e-02,2.300130762159824371e-02,4.049859195947647095e-02,-4.255179315805435181e-02,-1.583995074033737183e-01,-1.412707269191741943e-01,6.201069429516792297e-02,1.519963443279266357e-01,-4.552531987428665161e-02,9.223397076129913330e-02,6.748075038194656372e-02,-1.159566566348075867e-01,-1.568336784839630127e-01,-7.671993970870971680e-02,-8.718109875917434692e-02,-1.128369718790054321e-01,-9.214834123849868774e-02,-5.421725288033485413e-02,-9.238481521606445312e-02,-2.177448384463787079e-02,6.035641580820083618e-02,-2.068278007209300995e-02,-2.357389079406857491e-03,2.621782757341861725e-02,1.597374528646469116e-01,-1.117286831140518188e-01,8.935770392417907715e-02,1.122224703431129456e-02,-1.960824616253376007e-02,7.348578423261642456e-02,2.656453521922230721e-03,-3.741319850087165833e-02,2.025383412837982178e-01,1.460645049810409546e-01,1.388733237981796265e-01,1.172274425625801086e-01,-5.312591791152954102e-02,4.260197654366493225e-02,-3.018019348382949829e-02,8.392045646905899048e-02,-4.092599451541900635e-02,4.865247011184692383e-02,7.904662191867828369e-02,4.976785182952880859e-02,8.316873013973236084e-02,5.547980219125747681e-02,1.970134302973747253e-02,-1.136167533695697784e-02,1.470563933253288269e-02,-2.625410258769989014e-02,1.943858116865158081e-01,1.211432442069053650e-01,-8.373975753784179688e-02,4.077499732375144958e-02,-5.680765211582183838e-02,-5.758288502693176270e-02,4.652999714016914368e-02,2.216095104813575745e-02,8.833710104227066040e-02,-1.228537261486053467e-01,-3.151999413967132568e-02,9.854977577924728394e-02,-1.620049402117729187e-02,1.485467888414859772e-02,-4.440056532621383667e-02,-1.042791679501533508e-01,7.943534851074218750e-02,9.804421663284301758e-02,7.679902017116546631e-02,4.100048914551734924e-02,4.293800517916679382e-02,5.294088646769523621e-02,-4.117968678474426270e-02,1.055672205984592438e-02,-2.249859273433685303e-02,7.556047290563583374e-02,2.112623536959290504e-03,8.297401480376720428e-03,-4.365117847919464111e-02,4.039037972688674927e-02,-1.618243902921676636e-01,1.897625625133514404e-02,5.506143718957901001e-02,4.134576022624969482e-02,3.472233936190605164e-02,-9.166982769966125488e-02,5.068692564964294434e-02,2.251696288585662842e-01
1.993227936327457428e-02,2.113435417413711548e-02,7.506109774112701416e-03,-1.206623464822769165e-01,5.544786155223846436e-02,3.891766071319580078e-02,5.223075672984123230e-02,-8.261133916676044464e-03,4.676153138279914856e-02,-1.751212170347571373e-03,-5.236325785517692566e-02,-7.297326810657978058e-03,-1.739570684731006622e-02,-7.181036472320556641e-02,-1.872216165065765381e-02,-5.220829322934150696e-02,1.193210389465093613e-02,4.869317263364791870e-02,4.915935546159744263e-02,7.528869062662124634e-02,2.744959108531475067e-02,-3.873724117875099182e-02,-9.669359773397445679e-02,7.181009650230407715e-02,1.130841895937919617e-01,-3.872494213283061981e-03,4.059329628944396973e-02,3.474056720733642578e-04,-1.543828193098306656e-02,1.810781657695770264e-02,5.002426449209451675e-03,-5.992150679230690002e-02,1.059262920171022415e-02,3.010572493076324463e-02,-5.951084941625595093e-02,1.726449653506278992e-02,9.356939233839511871e-03,-6.772025674581527710e-02,-3.989740833640098572e-02,1.038215961307287216e-02,1.747573167085647583e-02,6.119195371866226196e-02,-3.718957677483558655e-02,-4.694221168756484985e-02,-6.101909279823303223e-02,-8.584423363208770752e-02,3.979909792542457581e-02,5.058517679572105408e-02,-1.059739757329225540e-02,5.652219802141189575e-02,4.060513898730278015e-02,-3.018311224877834320e-02,-5.069638043642044067e-02,7.448790129274129868e-04,-9.013610333204269409e-02,-9.834185242652893066e-02,-6.083333864808082581e-02,-5.302557721734046936e-03,-9.139362722635269165e-02,1.100129168480634689e-02,-7.536297198385000229e-03,1.614093594253063202e-02,1.307302620261907578e-02,-1.322499103844165802e-02,1.262729763984680176e-01,-4.568169638514518738e-02,3.447845950722694397e-02,6.543606519699096680e-02,3.551776334643363953e-02,1.500547304749488831e-02,-8.791397325694561005e-03,-7.504750043153762817e-02,8.595662564039230347e-02,7.168525457382202148e-02,7.048690319061279297e-02,1.126284971833229065e-01,3.440872766077518463e-03,3.198292106389999390e-02,5.217672884464263916e-02,3.933368995785713196e-02,-4.757058992981910706e-02,-4.580401256680488586e-02,1.822052290663123131e-03,2.851231209933757782e-02,6.857972592115402222e-03,-2.387856319546699524e-02,2.257521729916334152e-03,-1.455087866634130478e-02,-8.478043973445892334e-02,-5.571540445089340210e-02,7.909356802701950073e-02,5.785594135522842407e-02,-7.661969214677810669e-02,4.788639768958091736e-02,-1.687890850007534027e-02,-8.119224570691585541e-03,4.063864052295684814e-02,1.668280363082885742e-02,3.824950009584426880e-02,-5.716964229941368103e-02,-5.936057493090629578e-02,4.083342850208282471e-02,-4.329975694417953491e-02,-4.509365931153297424e-02,4.653300624340772629e-03,-1.465385500341653824e-02,8.462494611740112305e-02,6.156833842396736145e-02,9.138119406998157501e-03,1.685885712504386902e-02,-1.583863794803619385e-02,-2.852276712656021118e-02,8.209132589399814606e-03,2.436858415603637695e-02,-1.315073762089014053e-02,1.036073360592126846e-02,4.658489301800727844e-02,1.518269907683134079e-02,-3.460416570305824280e-02,2.578282495960593224e-03,-1.140504479408264160e-01,3.349209949374198914e-02,1.274108071811497211e-03,1.493548322468996048e-02,-4.579925537109375000e-02,-7.581454515457153320e-02,-5.406743846833705902e-03,1.142077818512916565e-01
8.107901550829410553e-03,2.277784794569015503e-02,1.231772452592849731e-01,-9.682459384202957153e-02,7.225576788187026978e-02,1.177694350481033325e-01,3.311239555478096008e-02,3.877590410411357880e-03,-8.111535571515560150e-03,1.972758956253528595e-02,-1.250806599855422974e-01,-2.369267120957374573e-02,2.452221140265464783e-02,-7.230699807405471802e-02,5.045788362622261047e-02,-1.192982494831085205e-01,7.091824710369110107e-02,7.955718785524368286e-02,4.282154887914657593e-02,3.830140456557273865e-02,2.550394460558891296e-02,-7.813468575477600098e-02,-1.161719486117362976e-01,1.749490201473236084e-01,2.265137881040573120e-01,-4.692600667476654053e-02,2.552705258131027222e-02,3.145124763250350952e-02,2.490604529157280922e-03,-4.637610539793968201e-02,-9.639269113540649414e-02,-1.094105020165443420e-01,9.698742069303989410e-03,1.190370693802833557e-02,2.036956138908863068e-03,9.951949119567871094e-02,5.099399387836456299e-02,-3.541953861713409424e-02,2.797939814627170563e-02,3.903927654027938843e-02,-5.006211344152688980e-03,-9.655175730586051941e-03,3.914437815546989441e-02,-3.890055045485496521e-02,-1.174684539437294006e-01,-1.241188198328018188e-01,4.609647020697593689e-02,1.205005794763565063e-01,-5.242343991994857788e-02,1.013039574027061462e-01,5.592673271894454956e-02,-9.872305393218994141e-02,-1.428443789482116699e-01,-4.240349680185317993e-02,-7.302754372358322144e-02,-6.825976073741912842e-02,-7.442549616098403931e-02,-5.769406631588935852e-02,-9.019085019826889038e-02,-4.136414825916290283e-02,1.860636100172996521e-02,-5.246837809681892395e-02,4.086523503065109253e-02,8.583535999059677124e-02,1.859424412250518799e-01,-9.838257730007171631e-02,9.289564192295074463e-02,5.160808935761451721e-02,2.505936846137046814e-02,5.186099559068679810e-02,-1.579609140753746033e-02,-6.746222078800201416e-02,2.460235655307769775e-01,1.628948152065277100e-01,8.878751844167709351e-02,1.232614219188690186e-01,-9.034880995750427246e-02,-2.628862857818603516e-04,-2.759148925542831421e-02,2.829225361347198486e-02,-6.938857585191726685e-02,-1.978863030672073364e-02,6.277725100517272949e-02,4.218501597642898560e-02,9.804773330688476562e-02,9.906675666570663452e-02,1.746950438246130943e-03,-1.497499272227287292e-02,-3.645630180835723877e-02,1.780315674841403961e-02,1.968817263841629028e-01,1.113290637731552124e-01,-1.054192483425140381e-01,2.722651138901710510e-02,-6.307964771986007690e-02,-3.839341923594474792e-02,5.272360891103744507e-02,5.567178875207901001e-02,9.383066743612289429e-02,-1.495783627033233643e-01,-3.203525766730308533e-02,1.048113778233528137e-01,-1.413811277598142624e-02,-8.595223538577556610e-03,-1.800011657178401947e-02,-8.680532872676849365e-02,9.201799333095550537e-02,1.059297770261764526e-01,7.009118795394897461e-02,2.666568011045455933e-02,-1.033224537968635559e-02,5.319301784038543701e-02,-2.534909918904304504e-02,1.710506901144981384e-02,1.125025749206542969e-02,6.358113884925842285e-02,1.331432256847620010e-02,-9.588006883859634399e-03,-2.210760116577148438e-02,4.274468123912811279e-02,-1.762855648994445801e-01,5.715903639793395996e-02,6.958337128162384033e-02,5.120164528489112854e-02,-9.375117719173431396e-03,-1.533332318067550659e-01,7.275259494781494141e-02,2.199312001466751099e-01
3.193239495158195496e-02,-5.879304371774196625e-03,4.193720594048500061e-02,-9.683602303266525269e-02,-8.487467654049396515e-03,3.517993167042732239e-02,1.914618723094463348e-02,3.047359548509120941e-02,-4.234616179019212723e-03,6.428838707506656647e-03,-1.154597699642181396e-01,-8.067633211612701416e-02,-1.362692192196846008e-02,-3.809943050146102905e-02,4.719984903931617737e-02,-8.963402360677719116e-02,5.983310192823410034e-02,5.545698478817939758e-02,6.608077883720397949e-02,3.268477693200111389e-02,2.960984036326408386e-02,-8.520057052373886108e-02,-7.908006012439727783e-02,1.478739678859710693e-01,1.755455136299133301e-01,-3.258302062749862671e-02,1.139004342257976532e-02,5.499426275491714478e-03,-3.887007711455225945e-03,-6.147231161594390869e-02,-1.081329286098480225e-01,-7.075865566730499268e-02,-1.630030572414398193e-02,-1.113082561641931534e-02,1.679597538895905018e-03,6.629494577646255493e-02,7.102815899997949600e-03,-4.028543457388877869e-02,4.087544512003660202e-03,1.650252006947994232e-02,-3.699580207467079163e-02,-1.153727807104587555e-02,6.279934197664260864e-02,-4.287662915885448456e-03,-7.820991426706314087e-02,-1.148329749703407288e-01,3.271814808249473572e-02,1.048269718885421753e-01,-2.722981385886669159e-02,7.104477286338806152e-02,2.611495926976203918e-02,-1.070205643773078918e-01,-1.407263129949569702e-01,-5.956020206212997437e-02,-3.169842064380645752e-02,-4.145723953843116760e-02,-6.611664593219757080e-02,-4.215116053819656372e-02,-6.303318589925765991e-02,-2.060023322701454163e-02,2.206843346357345581e-02,-2.856243029236793518e-02,2.402984350919723511e-02,3.863812237977981567e-02,1.361530423164367676e-01,-7.465056329965591431e-02,9.354941546916961670e-02,2.373454906046390533e-02,2.693096734583377838e-02,7.577243447303771973e-02,-4.343780223280191422e-03,-6.316778063774108887e-02,1.637288331985473633e-01,9.858719259500503540e-02,7.038009166717529297e-02,9.963891655206680298e-02,-6.669982522726058960e-02,-7.667033001780509949e-03,-4.453339800238609314e-02,2.680636756122112274e-02,-2.480465359985828400e-02,7.461825385689735413e-03,7.311217486858367920e-02,2.088534645736217499e-02,9.124346077442169189e-02,8.524530380964279175e-02,4.188629984855651855e-02,-4.448593128472566605e-03,1.686839014291763306e-02,2.029843069612979889e-02,1.537788957357406616e-01,6.871837377548217773e-02,-8.146120607852935791e-02,3.166126459836959839e-02,-6.940838694572448730e-02,-5.254217609763145447e-02,2.685049921274185181e-02,2.220804803073406219e-02,6.269517540931701660e-02,-1.185001358389854431e-01,-5.228558927774429321e-02,1.040653884410858154e-01,4.067383706569671631e-02,1.916459761559963226e-02,-3.712445870041847229e-02,-9.370794892311096191e-02,3.760063275694847107e-02,1.099860146641731262e-01,8.394170552492141724e-02,-3.676414489746093750e-04,1.409446075558662415e-02,4.696481302380561829e-02,-3.522115200757980347e-02,2.314371429383754730e-02,1.247375388629734516e-03,4.028534516692161560e-02,3.179658669978380203e-03,-3.098833188414573669e-02,-1.127567701041698456e-02,3.310748189687728882e-02,-1.211072728037834167e-01,2.316849678754806519e-02,3.982501477003097534e-02,2.466455101966857910e-02,-2.109959162771701813e-02,-8.229919523000717163e-02,2.665618062019348145e-02,1.710940897464752197e-01
1.330681331455707550e-02,5.520525854080915451e-03,6.546344608068466187e-02,-1.060334444046020508e-01,-3.028607554733753204e-02,6.133506447076797485e-02,7.910950109362602234e-03,4.295216873288154602e-02,-2.108997292816638947e-02,4.744195844978094101e-03,-1.225032508373260498e-01,-4.948040470480918884e-02,-8.065792731940746307e-03,-7.112462073564529419e-02,1.911365427076816559e-02,-9.091424942016601562e-02,4.923665151000022888e-02,8.430618047714233398e-02,1.059730816632509232e-02,1.487297285348176956e-02,2.925585955381393433e-02,-8.130435645580291748e-02,-9.674689173698425293e-02,1.354686021804809570e-01,1.849066764116287231e-01,-5.407972633838653564e-02,4.507540725171566010e-03,-2.580867893993854523e-02,2.812561020255088806e-02,-4.413757100701332092e-02,-6.309822946786880493e-02,-9.942960739135742188e-02,3.223121166229248047e-04,-1.010714191943407059e-02,2.976920269429683685e-02,1.084596663713455200e-01,5.154236778616905212e-02,-1.034532673656940460e-02,4.243478924036026001e-02,2.290557138621807098e-02,-1.566752605140209198e-02,-5.044297780841588974e-03,2.988150576129555702e-03,7.972457446157932281e-03,-8.461163192987442017e-02,-9.938523918390274048e-02,2.409858629107475281e-02,8.476984500885009766e-02,-1.966833695769309998e-02,7.496677339076995850e-02,-4.015656560659408569e-02,-1.171914935111999512e-01,-1.206109449267387390e-01,-2.821577899158000946e-02,-2.349608764052391052e-02,-2.083339542150497437e-02,-7.030189037322998047e-02,-3.571286797523498535e-02,-8.267702907323837280e-02,8.893135935068130493e-03,-3.008386120200157166e-03,-3.419507294893264771e-02,4.579639807343482971e-02,8.376509696245193481e-02,1.340972036123275757e-01,-5.745459347963333130e-02,8.333618193864822388e-02,9.010843932628631592e-03,-1.219757366925477982e-02,3.761863335967063904e-02,-1.703800633549690247e-02,-2.376966923475265503e-02,1.846072673797607422e-01,1.226511672139167786e-01,6.204391643404960632e-02,8.502081036567687988e-02,-5.871077254414558411e-02,6.474552676081657410e-03,6.847601849585771561e-03,3.125221654772758484e-02,-6.382856518030166626e-02,3.224059566855430603e-02,4.391332343220710754e-02,2.336857281625270844e-02,9.396339207887649536e-02,7.333389669656753540e-02,2.471792325377464294e-02,-1.365990750491619110e-02,-2.211668714880943298e-02,3.067081980407238007e-02,1.248674839735031128e-01,8.661152422428131104e-02,-5.064965412020683289e-02,2.988241054117679596e-02,-7.565242052078247070e-02,-3.630132600665092468e-02,5.481512844562530518e-02,2.619727700948715210e-02,5.813831835985183716e-02,-1.103834658861160278e-01,-2.554307505488395691e-02,1.018134057521820068e-01,-3.061791183426976204e-03,2.369135990738868713e-02,-2.698517218232154846e-02,-8.334138989448547363e-02,6.672950834035873413e-02,7.684396207332611084e-02,5.556029453873634338e-02,4.438340663909912109e-03,2.636515721678733826e-02,5.954365432262420654e-02,-3.083294257521629333e-02,-2.065007202327251434e-02,-2.486374601721763611e-02,5.508363619446754456e-02,-8.555857464671134949e-03,-1.994506269693374634e-02,7.805277127772569656e-03,5.392631515860557556e-02,-1.091314926743507385e-01,2.369162812829017639e-02,5.224039033055305481e-02,3.602560237050056458e-02,-1.172041799873113632e-02,-1.131047233939170837e-01,4.737629741430282593e-02,1.833523809909820557e-01
3.948743641376495361e-02,4.680563509464263916e-02,1.056674793362617493e-01,-1.311665326356887817e-01,7.731894403696060181e-02,1.412299573421478271e-01,4.341127816587686539e-03,6.027312204241752625e-02,-5.847148597240447998e-03,-5.663220211863517761e-02,-1.529932022094726562e-01,-4.768560826778411865e-02,1.208609994500875473e-02,-1.074514016509056091e-01,4.751591384410858154e-02,-7.121852785348892212e-02,-1.468230970203876495e-02,6.514990329742431641e-02,-2.819530433043837547e-03,5.981127917766571045e-02,2.759572118520736694e-02,-6.717929989099502563e-02,-7.977078855037689209e-02,1.621033996343612671e-01,2.378827780485153198e-01,-6.549416482448577881e-02,-4.783412441611289978e-02,2.827736362814903259e-02,9.285537898540496826e-02,4.959376156330108643e-02,6.335011869668960571e-02,-4.653686657547950745e-02,8.637996017932891846e-02,5.506785586476325989e-02,-4.658754542469978333e-02,4.133502021431922913e-02,4.521574452519416809e-02,-3.519257903099060059e-02,2.661246061325073242e-02,3.459449112415313721e-02,-3.038153424859046936e-02,1.023051366209983826e-01,-1.131280511617660522e-02,1.528474781662225723e-02,-4.004612192511558533e-02,-1.200974583625793457e-01,3.489307686686515808e-02,2.673718705773353577e-02,-8.296237885951995850e-02,9.125292301177978516e-02,7.611964643001556396e-02,1.186464074999094009e-02,-6.188903748989105225e-02,-1.033484470099210739e-03,-5.294064059853553772e-03,-1.097818389534950256e-01,-7.598678022623062134e-02,-7.829978317022323608e-02,-1.923245340585708618e-01,-1.088171615265309811e-03,-1.185567025095224380e-02,3.210802003741264343e-02,8.145382255315780640e-02,8.768750727176666260e-02,1.779373437166213989e-01,-9.171309322118759155e-02,1.881445758044719696e-02,9.017013013362884521e-02,4.289638623595237732e-02,5.258380994200706482e-02,-7.324109226465225220e-02,-5.677812173962593079e-02,2.342166453599929810e-01,1.634127497673034668e-01,9.366485476493835449e-02,1.660053133964538574e-01,4.498730227351188660e-02,9.514813125133514404e-02,7.142759114503860474e-02,1.251444313675165176e-02,-7.837709039449691772e-02,-3.284503147006034851e-02,9.279579855501651764e-03,-3.814716637134552002e-02,1.071659997105598450e-01,1.148379892110824585e-01,-5.358335748314857483e-02,-6.367038935422897339e-02,-1.240116581320762634e-01,2.317439578473567963e-02,1.372520923614501953e-01,1.034149751067161560e-01,-4.711248353123664856e-02,6.379950046539306641e-02,-4.283886030316352844e-02,-2.274049445986747742e-02,-5.056248046457767487e-03,1.250862260349094868e-03,2.118982374668121338e-02,-8.770979940891265869e-02,-1.454486045986413956e-02,1.222523003816604614e-01,-3.949531819671392441e-03,-5.525710992515087128e-03,-1.323139760643243790e-02,-4.755729809403419495e-02,6.961237639188766479e-02,1.564023457467556000e-02,7.791175693273544312e-02,5.985534563660621643e-02,2.626071125268936157e-02,1.459998264908790588e-02,2.910911664366722107e-02,-7.028280524536967278e-04,-6.134664267301559448e-02,-2.248983457684516907e-02,3.855812922120094299e-02,-7.742398418486118317e-03,-7.350831478834152222e-02,3.217976912856101990e-02,-1.526577919721603394e-01,1.229031085968017578e-01,1.198631450533866882e-01,4.779600724577903748e-02,-6.984310597181320190e-02,-1.852603256702423096e-01,-2.695616148412227631e-02,1.848243623971939087e-01
1.410694420337677002e-02,2.730191498994827271e-02,1.369591653347015381e-01,-2.022902667522430420e-01,1.024717465043067932e-01,1.405174881219863892e-01,4.309359006583690643e-03,-4.535882268100976944e-03,-6.804658565670251846e-03,4.942608997225761414e-02,-1.588503420352935791e-01,-2.211993560194969177e-02,-1.325019914656877518e-02,-1.460588350892066956e-02,1.094380952417850494e-02,-2.575283683836460114e-02,6.275910884141921997e-02,5.107041448354721069e-02,2.798374369740486145e-02,8.135750144720077515e-02,5.388328060507774353e-02,-1.076644659042358398e-02,-1.104321926832199097e-01,1.346168369054794312e-01,1.920250207185745239e-01,-2.071867696940898895e-02,2.739747799932956696e-02,-3.181595588102936745e-03,3.608649596571922302e-02,5.154265556484460831e-03,-5.644133687019348145e-02,-8.234957605600357056e-02,-2.545917779207229614e-02,-6.121707707643508911e-02,-1.344616562128067017e-01,9.589002281427383423e-02,5.893045291304588318e-02,-6.534193456172943115e-02,4.150713235139846802e-02,6.794120371341705322e-02,3.160898014903068542e-02,1.495002419687807560e-03,4.787444195244461298e-04,-2.877823077142238617e-02,-1.040385141968727112e-01,-1.340584605932235718e-01,7.703940570354461670e-02,8.863530308008193970e-02,3.407231718301773071e-02,6.478241831064224243e-02,8.406060934066772461e-02,-7.653760910034179688e-02,-1.020209714770317078e-01,-9.354347363114356995e-03,-4.822649061679840088e-02,-3.735313937067985535e-02,-1.050194874405860901e-01,-4.604418948292732239e-02,-1.687547713518142700e-01,1.822829805314540863e-02,2.282257657498121262e-03,2.467953599989414215e-02,6.183577328920364380e-02,-8.615607395768165588e-03,1.662268489599227905e-01,-1.070739030838012695e-01,2.879660204052925110e-02,1.129919737577438354e-01,6.150316447019577026e-02,4.366462305188179016e-02,1.777249947190284729e-02,-4.702812433242797852e-02,2.129880934953689575e-01,1.441598534584045410e-01,1.104974523186683655e-01,1.611458957195281982e-01,1.281983871012926102e-02,7.940557599067687988e-02,-2.502452209591865540e-02,-3.071679547429084778e-02,-5.329970642924308777e-02,-4.846753180027008057e-02,-3.464519977569580078e-04,-2.995518222451210022e-02,5.522368848323822021e-02,2.351678721606731415e-02,1.079794485121965408e-02,2.843239158391952515e-02,-2.444373071193695068e-02,-7.559613138437271118e-02,1.355682611465454102e-01,8.225505799055099487e-02,-5.263629555702209473e-02,8.551149070262908936e-02,2.222496643662452698e-02,2.075564675033092499e-02,8.557848632335662842e-02,5.364876240491867065e-02,4.808032512664794922e-02,-1.127689406275749207e-01,-8.408039808273315430e-02,8.627175539731979370e-02,-6.584340240806341171e-03,5.562873091548681259e-03,2.782344818115234375e-04,-6.553831696510314941e-02,5.213092640042304993e-02,4.438161477446556091e-02,3.424169123172760010e-02,2.674734033644199371e-02,-2.624966390430927277e-02,1.453109458088874817e-02,4.766764491796493530e-02,-2.724422700703144073e-02,-3.826786950230598450e-02,1.618777215480804443e-02,-1.059450767934322357e-02,8.963553234934806824e-03,-2.570795454084873199e-02,7.315824180841445923e-02,-1.490477025508880615e-01,3.247977420687675476e-02,5.579811707139015198e-02,1.756072975695133209e-02,-6.064931303262710571e-02,-1.541528701782226562e-01,-2.782701887190341949e-02,1.579813808202743530e-01
2.512590400874614716e-02,-6.537045352160930634e-03,1.250396966934204102e-01,-2.000698596239089966e-01,6.582577526569366455e-02,1.001852899789810181e-01,-1.684258878231048584e-02,2.020009793341159821e-02,-1.179324369877576828e-02,3.446988761425018311e-02,-1.235737875103950500e-01,1.883572898805141449e-02,1.844774931669235229e-02,-6.014596670866012573e-02,1.417601387947797775e-02,-4.954174160957336426e-02,2.081337757408618927e-02,9.345768392086029053e-02,2.609226480126380920e-02,6.345323473215103149e-02,3.749158605933189392e-02,-2.543433941900730133e-02,-1.802645325660705566e-01,1.310259401798248291e-01,2.109738886356353760e-01,-2.747347205877304077e-02,2.434654533863067627e-02,-1.703889854252338409e-02,4.296314343810081482e-02,-3.291865065693855286e-02,-8.452035486698150635e-02,-4.198331758379936218e-02,-4.345548152923583984e-02,-6.301167607307434082e-02,-3.926388174295425415e-02,1.142063736915588379e-01,1.708144322037696838e-02,-4.626497253775596619e-02,-1.112251076847314835e-02,4.219989478588104248e-02,1.637392677366733551e-02,5.331316497176885605e-03,-1.536221429705619812e-02,-6.458342820405960083e-02,-2.362575232982635498e-01,-1.645864844322204590e-01,3.760765120387077332e-02,8.453742414712905884e-02,7.629990577697753906e-03,4.577329009771347046e-02,6.401738524436950684e-02,-5.498056113719940186e-02,-1.168015673756599426e-01,-1.460431958548724651e-03,-6.814540922641754150e-02,-9.366869926452636719e-05,-6.026017665863037109e-02,-3.126686066389083862e-02,-1.496440023183822632e-01,6.973600015044212341e-03,-1.784042827785015106e-02,2.023456245660781860e-02,8.376994729042053223e-02,4.758382216095924377e-02,2.032363712787628174e-01,-3.893277794122695923e-02,2.695479243993759155e-02,1.245261877775192261e-01,7.756991684436798096e-02,8.018978685140609741e-02,1.491408981382846832e-02,-2.416697144508361816e-02,2.345687150955200195e-01,1.713713854551315308e-01,5.733996629714965820e-02,1.884121894836425781e-01,7.242768257856369019e-02,1.098403483629226685e-01,-2.961192652583122253e-02,5.188418086618185043e-03,-3.665303066372871399e-02,-4.111324995756149292e-02,-1.861854828894138336e-02,-3.978163003921508789e-02,8.047952502965927124e-02,6.178993731737136841e-02,4.748602584004402161e-02,1.248565781861543655e-02,-2.777272835373878479e-02,-8.564777672290802002e-02,1.175322383642196655e-01,9.225646406412124634e-02,-1.974430121481418610e-02,1.069651395082473755e-01,1.125198602676391602e-02,9.474202059209346771e-03,7.676070183515548706e-02,4.323140159249305725e-02,7.597484439611434937e-02,-1.091864556074142456e-01,-4.034761711955070496e-02,4.909691959619522095e-02,-4.000238329172134399e-02,-4.234051704406738281e-02,-7.407017052173614502e-02,-9.319499135017395020e-02,6.881672888994216919e-02,1.943364366888999939e-02,4.831533506512641907e-02,-1.310368627309799194e-02,-1.230566995218396187e-03,4.176605120301246643e-02,3.383774310350418091e-02,-1.124087162315845490e-02,-4.658703505992889404e-02,4.511534236371517181e-03,-1.244340557605028152e-02,-3.395675495266914368e-02,1.468031550757586956e-03,7.235655933618545532e-02,-1.912992000579833984e-01,4.977624118328094482e-02,5.362481623888015747e-02,-2.337845973670482635e-02,-1.172332167625427246e-01,-1.611029654741287231e-01,1.406608964316546917e-03,1.701007485389709473e-01
5.378976836800575256e-02,9.610646218061447144e-02,1.567603349685668945e-01,-1.176075637340545654e-01,1.148302853107452393e-01,1.194359585642814636e-01,-1.303554140031337738e-02,7.131395861506462097e-03,-1.244933307170867920e-01,-9.969142265617847443e-03,-1.895724684000015259e-01,-3.347662091255187988e-02,1.972335763275623322e-02,-3.207214549183845520e-02,-5.039887037128210068e-03,-6.748337298631668091e-02,6.491702795028686523e-02,1.098720729351043701e-01,2.740495139732956886e-03,1.464355438947677612e-01,3.230880200862884521e-02,-2.890984714031219482e-02,-1.335369050502777100e-01,1.499235630035400391e-01,1.729011684656143188e-01,-6.969615817070007324e-02,-3.197753056883811951e-02,-1.036958098411560059e-01,4.122478887438774109e-02,-5.516133084893226624e-02,-4.124674946069717407e-02,-8.424626290798187256e-02,2.169816754758358002e-02,-1.019564792513847351e-01,-8.493131399154663086e-02,1.096864342689514160e-01,4.547300562262535095e-02,-9.265360236167907715e-02,3.755732998251914978e-02,8.303862810134887695e-02,1.179243996739387512e-02,-3.062499873340129852e-02,-4.014832526445388794e-02,-1.527360267937183380e-02,-2.647344395518302917e-02,-1.088488847017288208e-01,5.217428877949714661e-02,6.688345968723297119e-02,-4.516881704330444336e-02,2.597385458648204803e-02,8.494921028614044189e-02,-3.566688299179077148e-02,-1.340098530054092407e-01,-1.910505117848515511e-03,-7.202176004648208618e-02,-1.156848073005676270e-01,-1.429495215415954590e-01,-8.198793232440948486e-02,-1.450016051530838013e-01,3.641026094555854797e-02,3.710671886801719666e-02,1.047757118940353394e-01,9.425214678049087524e-02,8.691348880529403687e-02,1.950232982635498047e-01,-8.661082386970520020e-02,1.111019328236579895e-01,1.482418924570083618e-01,1.839131712913513184e-01,1.123664602637290955e-01,-1.079946476966142654e-02,-1.144159063696861267e-01,1.915632188320159912e-01,1.069774776697158813e-01,1.194223687052726746e-01,1.915051788091659546e-01,6.587052252143621445e-03,1.040484905242919922e-01,3.316669538617134094e-02,5.802595987915992737e-02,-1.682414673268795013e-02,-4.317967221140861511e-02,5.119650065898895264e-02,2.538645640015602112e-03,7.388237118721008301e-02,-1.113020069897174835e-02,-2.828379534184932709e-02,2.024430409073829651e-02,-8.139592409133911133e-02,-1.404738239943981171e-02,1.380943357944488525e-01,4.010416939854621887e-02,-4.031018912792205811e-02,3.806972876191139221e-02,1.921944506466388702e-02,2.208895422518253326e-02,2.591932006180286407e-02,1.156041771173477173e-01,3.491272032260894775e-02,-1.297498196363449097e-01,4.646585136651992798e-02,1.250626146793365479e-01,1.168167963624000549e-02,3.957622870802879333e-02,-4.544553812593221664e-03,-3.988262265920639038e-02,1.448497027158737183e-01,1.078767403960227966e-01,2.532274089753627777e-02,3.515317291021347046e-02,-2.737177722156047821e-02,2.444727346301078796e-02,1.126131415367126465e-02,2.570267952978610992e-02,-3.282445715740323067e-03,1.106176450848579407e-01,2.956479042768478394e-02,1.266301423311233521e-02,-9.297338873147964478e-02,7.811484974808990955e-04,-1.589197814464569092e-01,7.819045335054397583e-02,1.142867282032966614e-01,3.133313730359077454e-02,-4.248705506324768066e-02,-8.784492313861846924e-02,5.061832070350646973e-02,1.819875687360763550e-01
1.870961859822273254e-02,3.491989895701408386e-02,1.320226341485977173e-01,-1.225530207157135010e-01,9.541522711515426636e-02,1.471422165632247925e-01,1.574198342859745026e-02,-7.067383266985416412e-03,-3.678202629089355469e-04,2.702795667573809624e-03,-1.519270986318588257e-01,-3.652877733111381531e-02,2.071045525372028351e-02,-5.033003631979227066e-03,2.052510529756546021e-02,-6.810167431831359863e-02,8.532196283340454102e-02,8.789546042680740356e-02,1.631085388362407684e-02,6.483339518308639526e-02,3.455606475472450256e-02,7.590651512145996094e-05,-7.873152941465377808e-02,1.707499176263809204e-01,2.201984822750091553e-01,-3.099267743527889252e-02,3.574423864483833313e-02,1.505168620496988297e-02,4.698711633682250977e-02,-1.544027007184922695e-03,-3.307937830686569214e-02,-1.034619659185409546e-01,2.668456174433231354e-02,-1.097403466701507568e-01,-8.193159103393554688e-02,1.040568500757217407e-01,4.016644880175590515e-02,-9.929741173982620239e-02,5.355847626924514771e-02,1.029981300234794617e-01,5.130891874432563782e-02,-1.356875989586114883e-02,-1.408605719916522503e-03,-1.272633392363786697e-02,-7.902994751930236816e-02,-1.021415814757347107e-01,1.060034483671188354e-01,1.229006499052047729e-01,2.645200118422508240e-02,8.557118475437164307e-02,1.392089873552322388e-01,-8.472226560115814209e-02,-1.203918308019638062e-01,-1.635357737541198730e-02,-4.938541725277900696e-02,-1.257597357034683228e-01,-1.466459780931472778e-01,-6.342026591300964355e-02,-1.418680399656295776e-01,2.071794588118791580e-03,3.358798101544380188e-03,2.284617722034454346e-02,2.587809972465038300e-02,-4.246894270181655884e-03,1.872122883796691895e-01,-8.927884697914123535e-02,9.132403135299682617e-02,7.834847271442413330e-02,2.125869691371917725e-02,9.737655520439147949e-02,2.526377141475677490e-02,-5.980875343084335327e-02,1.905829459428787231e-01,1.212342381477355957e-01,1.311818212270736694e-01,1.657861471176147461e-01,-5.523624829947948456e-03,1.066019907593727112e-01,-1.389813236892223358e-02,-9.231513366103172302e-03,-6.246549636125564575e-02,-2.663628384470939636e-02,1.047686021775007248e-02,-2.733431383967399597e-02,8.771755546331405640e-02,-1.702242344617843628e-02,9.593066642992198467e-04,2.572865411639213562e-02,-3.045022301375865936e-02,-6.300131231546401978e-02,1.386429369449615479e-01,6.292834877967834473e-02,-4.041477665305137634e-02,9.306485205888748169e-02,-4.392147995531558990e-03,2.441490534693002701e-03,4.588713496923446655e-02,2.912725321948528290e-02,6.629198044538497925e-02,-1.283617764711380005e-01,-3.653163462877273560e-02,8.297844976186752319e-02,-3.669949248433113098e-02,2.420190908014774323e-02,7.586214225739240646e-03,-3.233455494046211243e-02,8.387502282857894897e-02,6.384894996881484985e-02,2.401033043861389160e-02,1.543729938566684723e-02,-5.397887527942657471e-02,-1.483721751719713211e-02,-1.701286062598228455e-02,2.705485373735427856e-02,-4.202026501297950745e-02,5.480133742094039917e-02,2.539687044918537140e-02,5.014162883162498474e-02,-8.025425672531127930e-02,5.693212151527404785e-02,-1.561076045036315918e-01,3.337981551885604858e-02,1.005003675818443298e-01,5.393480509519577026e-02,-4.438310116529464722e-02,-1.736768484115600586e-01,-1.097256503999233246e-02,1.842425465583801270e-01
2.326307073235511780e-02,4.027445241808891296e-02,1.666960716247558594e-01,-1.272577792406082153e-01,6.802538782358169556e-02,6.183051690459251404e-02,7.060857024043798447e-03,9.140086360275745392e-03,2.787707746028900146e-02,4.261342808604240417e-02,-1.141058355569839478e-01,-4.741483833640813828e-03,7.725951727479696274e-04,-3.510994836688041687e-02,6.291688978672027588e-02,-2.554522268474102020e-02,5.101604387164115906e-02,8.437151461839675903e-02,1.901394128799438477e-02,6.252353638410568237e-02,1.722403615713119507e-02,-4.585129767656326294e-02,-1.452656090259552002e-01,1.898440569639205933e-01,1.991436928510665894e-01,-3.445536270737648010e-02,5.118053406476974487e-02,6.295958161354064941e-02,3.015333600342273712e-02,-6.400358676910400391e-02,-8.840538561344146729e-02,-8.087138831615447998e-02,-1.586917787790298462e-02,-5.657879263162612915e-02,-6.029323674738407135e-03,1.287212818861007690e-01,4.676667973399162292e-02,-4.083188250660896301e-02,1.119757443666458130e-02,1.028787791728973389e-01,4.851189628243446350e-02,-7.336757332086563110e-02,5.497797951102256775e-02,-7.130902260541915894e-02,-1.560211181640625000e-01,-1.161349788308143616e-01,7.647166401147842407e-02,1.498064994812011719e-01,3.397193923592567444e-02,1.466225646436214447e-02,1.181412562727928162e-01,-3.455088287591934204e-02,-9.996732324361801147e-02,-4.224662203341722488e-03,-4.143897444009780884e-02,-5.452607199549674988e-02,-1.281732618808746338e-01,-4.373265057802200317e-02,-1.329656541347503662e-01,1.100662536919116974e-02,3.956769034266471863e-02,-1.282946206629276276e-02,1.316691655665636063e-02,-2.444938942790031433e-02,1.506829410791397095e-01,-6.957433372735977173e-02,1.228464692831039429e-01,9.164053946733474731e-02,3.193480893969535828e-02,7.696367800235748291e-02,2.909512259066104889e-02,-1.189846023917198181e-01,1.340103149414062500e-01,9.562470018863677979e-02,1.107808351516723633e-01,1.836727857589721680e-01,1.866022497415542603e-02,1.146545633673667908e-01,3.642424941062927246e-02,-1.296736486256122589e-02,-4.943236336112022400e-02,-1.790373772382736206e-02,-2.604991570115089417e-02,1.632369495928287506e-02,1.355857104063034058e-01,-6.432532100006937981e-04,-1.610765419900417328e-02,-7.794430013746023178e-03,-3.047386370599269867e-02,-4.419292137026786804e-02,1.070822998881340027e-01,3.029976971447467804e-02,-4.313915595412254333e-02,7.361870259046554565e-02,-7.025602739304304123e-03,1.552313938736915588e-02,6.183206290006637573e-02,4.137366637587547302e-02,-1.755494996905326843e-02,-1.456910818815231323e-01,-6.770532578229904175e-02,9.913574159145355225e-02,9.672964923083782196e-03,6.663521286100149155e-03,5.222480744123458862e-03,-8.301261067390441895e-02,6.145263835787773132e-02,4.956394806504249573e-02,2.276941575109958649e-02,3.790123760700225830e-02,-5.455872789025306702e-02,1.825439557433128357e-02,2.760882489383220673e-02,2.707677520811557770e-02,-2.812141180038452148e-02,5.070658028125762939e-02,-2.872373722493648529e-02,2.470458485186100006e-02,-5.087247490882873535e-02,7.764139026403427124e-02,-1.398925930261611938e-01,2.864402160048484802e-02,6.553626805543899536e-02,6.585653871297836304e-02,3.219354664906859398e-03,-1.739764511585235596e-01,-3.839502111077308655e-02,1.789607256650924683e-01
2.617154642939567566e-02,3.158051893115043640e-02,6.794255971908569336e-02,-1.031585037708282471e-01,1.160697340965270996e-01,9.728292375802993774e-02,-4.796117916703224182e-02,-9.191036224365234375e-05,5.167903751134872437e-02,5.319124087691307068e-02,-3.822087869048118591e-02,2.877644263207912445e-03,2.562131732702255249e-02,-2.771341241896152496e-02,8.001857250928878784e-02,-9.139806032180786133e-02,4.444514587521553040e-02,1.021087914705276489e-01,5.167098343372344971e-02,1.141134575009346008e-01,4.319546744227409363e-02,-7.446984201669692993e-02,-5.522928014397621155e-02,1.567260324954986572e-01,1.868369281291961670e-01,-1.458773575723171234e-02,2.851719968020915985e-02,7.737798243761062622e-02,2.612148039042949677e-02,-1.328500360250473022e-02,-3.631594032049179077e-02,-8.136060833930969238e-02,5.247306078672409058e-03,-9.427604824304580688e-02,-5.122991278767585754e-02,1.010771766304969788e-01,4.202463850378990173e-02,-2.777484431862831116e-02,2.792996540665626526e-02,7.057112455368041992e-02,6.397004425525665283e-02,-4.007082059979438782e-02,4.490934684872627258e-02,-6.980886310338973999e-02,-1.128244102001190186e-01,-1.227177157998085022e-01,1.219012290239334106e-01,1.503912210464477539e-01,-4.297406598925590515e-02,5.027103051543235779e-02,7.807519286870956421e-02,-9.426406025886535645e-02,-1.038943752646446228e-01,-4.237630590796470642e-02,-7.384677976369857788e-02,-1.218198314309120178e-01,-7.024987787008285522e-02,-6.720405071973800659e-02,-1.417943835258483887e-01,-1.674087345600128174e-02,1.538527663797140121e-02,1.893636584281921387e-02,5.399341508746147156e-02,1.318107172846794128e-02,2.136362791061401367e-01,-5.085000023245811462e-02,9.321511536836624146e-02,7.259388267993927002e-02,1.774038560688495636e-02,1.049896031618118286e-01,-1.715646684169769287e-02,-2.543195709586143494e-02,1.786877512931823730e-01,1.247838437557220459e-01,7.763985544443130493e-02,1.371256858110427856e-01,-3.132605180144309998e-02,1.876217313110828400e-02,-1.180406101047992706e-02,4.068674892187118530e-02,7.522469852119684219e-03,-8.927562832832336426e-02,-2.788866311311721802e-02,-2.169762924313545227e-02,1.439332216978073120e-01,-3.704026341438293457e-02,-5.933054909110069275e-02,1.238491293042898178e-02,-9.030418097972869873e-02,-6.181100755929946899e-02,7.176701724529266357e-02,4.051879420876502991e-02,-2.559811621904373169e-02,3.340874984860420227e-02,2.827495336532592773e-02,-2.336169593036174774e-03,1.985965110361576080e-02,-4.851026460528373718e-02,4.373794421553611755e-02,-7.688013464212417603e-02,-4.102259874343872070e-02,9.546102583408355713e-02,-1.357587985694408417e-02,-3.317934647202491760e-02,-2.021946012973785400e-02,-3.356524184346199036e-02,6.830058246850967407e-02,3.291665762662887573e-02,7.081110775470733643e-02,7.624006271362304688e-02,-4.523109272122383118e-02,2.634549885988235474e-02,-1.642803288996219635e-02,3.255625814199447632e-02,2.252453938126564026e-02,7.841390371322631836e-02,2.278880774974822998e-02,1.755891251377761364e-03,-3.385667502880096436e-02,8.002189546823501587e-02,-1.360711157321929932e-01,2.949213609099388123e-02,6.082763895392417908e-02,3.934365883469581604e-02,-3.670451790094375610e-02,-1.227840185165405273e-01,-4.937251657247543335e-02,1.874118745326995850e-01
8.795567601919174194e-02,7.968283444643020630e-02,2.162399888038635254e-01,-1.366204768419265747e-01,4.539392516016960144e-02,6.646611541509628296e-02,-5.246460437774658203e-02,3.700865199789404869e-03,-6.050168303772807121e-04,1.950207352638244629e-02,-1.511235088109970093e-01,1.007537543773651123e-02,2.279491350054740906e-02,-3.581121098250150681e-03,3.663466870784759521e-02,-1.204529181122779846e-01,2.959959581494331360e-02,-4.438465461134910583e-02,-1.887984946370124817e-02,7.176414132118225098e-02,7.129825651645660400e-02,-2.240503206849098206e-02,-1.345684379339218140e-01,1.336719691753387451e-01,1.875856071710586548e-01,-9.308228641748428345e-02,-3.035580739378929138e-02,-1.101313605904579163e-01,-2.024877257645130157e-02,-1.008902397006750107e-02,6.093008909374475479e-03,-7.109301537275314331e-02,-8.243641816079616547e-03,-2.304485440254211426e-02,3.001863323152065277e-02,1.190075427293777466e-01,3.445196896791458130e-02,-7.363034784793853760e-02,-2.749554067850112915e-02,1.401554346084594727e-01,-3.482773900032043457e-02,-4.946488887071609497e-03,-2.405161736533045769e-03,-6.729424744844436646e-02,-1.731404215097427368e-01,-1.388175040483474731e-01,-6.900170352309942245e-03,4.119337350130081177e-02,-7.988582551479339600e-02,4.755340144038200378e-02,1.135553643107414246e-01,-2.527630887925624847e-02,-3.651951998472213745e-02,-3.829460358247160912e-03,-6.529340893030166626e-02,-7.949245721101760864e-02,-1.072830185294151306e-01,-7.794720679521560669e-02,-1.014845222234725952e-01,2.055432647466659546e-02,8.600460737943649292e-02,7.282694336026906967e-03,9.694047272205352783e-02,9.199913591146469116e-02,1.911163479089736938e-01,-7.369685918092727661e-02,5.974956974387168884e-02,7.154646515846252441e-02,7.779244333505630493e-02,6.988382339477539062e-02,-4.480295628309249878e-02,-4.416442662477493286e-02,2.089938372373580933e-01,1.040961667895317078e-01,7.957297563552856445e-02,1.406423598527908325e-01,-8.382794330827891827e-04,1.093469038605690002e-01,-3.899740427732467651e-02,-5.188830569386482239e-02,-5.765067413449287415e-02,6.131564453244209290e-02,-1.914579980075359344e-02,6.393455713987350464e-02,-3.842249140143394470e-02,1.533903460949659348e-02,5.001326277852058411e-02,7.334945257753133774e-04,-3.938385751098394394e-03,-7.203657925128936768e-02,1.995591521263122559e-01,1.916554421186447144e-01,-7.579569518566131592e-02,9.404678829014301300e-03,3.899958357214927673e-02,-1.167676318436861038e-02,8.792994916439056396e-02,4.055285826325416565e-02,1.505937874317169189e-01,-1.830757111310958862e-01,-5.372941866517066956e-02,7.276175916194915771e-02,-4.875129461288452148e-02,2.148851566016674042e-02,-2.881578356027603149e-02,-8.615591377019882202e-02,1.250610053539276123e-01,9.980721771717071533e-02,8.298980072140693665e-03,5.726151540875434875e-02,-3.586975112557411194e-02,5.596832185983657837e-02,5.264358222484588623e-02,-5.894233658909797668e-02,-7.221375405788421631e-02,5.735357478260993958e-02,-9.527695178985595703e-02,-4.235702380537986755e-02,-1.001788899302482605e-01,-2.909720502793788910e-02,-2.316607236862182617e-01,6.097526848316192627e-02,1.068473234772682190e-01,-6.022975780069828033e-03,-1.095206215977668762e-01,-1.743523180484771729e-01,-1.301048137247562408e-02,1.842397451400756836e-01
-3.992088604718446732e-03,1.961101591587066650e-02,1.097341552376747131e-01,-4.320433363318443298e-02,9.915838390588760376e-02,6.929764896631240845e-02,1.475363969802856445e-02,-1.031728647649288177e-02,1.386112533509731293e-02,1.673189923167228699e-03,-1.203934028744697571e-01,-2.259599789977073669e-02,5.279713124036788940e-02,-2.951905317604541779e-02,9.795139729976654053e-02,-6.764896214008331299e-02,1.619393937289714813e-02,7.689335197210311890e-02,3.869697451591491699e-02,6.868200749158859253e-02,1.763217709958553314e-02,-5.936740338802337646e-02,-4.926635324954986572e-02,1.665656417608261108e-01,2.005730271339416504e-01,1.210508123040199280e-02,-1.740351319313049316e-02,1.419153902679681778e-02,9.154033847153186798e-03,1.137216482311487198e-02,-2.852738089859485626e-02,-1.130051761865615845e-01,6.674815434962511063e-03,-7.609837502241134644e-02,3.574192523956298828e-04,9.440486133098602295e-02,3.120136074721813202e-02,-5.855309590697288513e-02,3.764753416180610657e-02,7.953092455863952637e-02,5.066549405455589294e-02,-1.989903487265110016e-02,2.657582983374595642e-02,-3.925899043679237366e-03,-4.446924105286598206e-02,-6.783469766378402710e-02,9.663216769695281982e-02,1.545578539371490479e-01,-1.788586191833019257e-02,2.408271096646785736e-02,8.552414923906326294e-02,-5.657383054494857788e-02,-1.516653299331665039e-01,-4.070525616407394409e-02,-1.707697473466396332e-02,-9.769614040851593018e-02,-8.240773528814315796e-02,-9.940653108060359955e-03,-1.195232942700386047e-01,-1.289045624434947968e-02,4.340084735304117203e-03,-5.238783080130815506e-03,4.391950741410255432e-02,9.247545152902603149e-03,1.905070990324020386e-01,-8.506190031766891479e-02,8.766760677099227905e-02,8.166393637657165527e-02,7.046335935592651367e-02,7.690988481044769287e-02,-1.929368451237678528e-02,-6.668375432491302490e-02,1.667276620864868164e-01,1.362457275390625000e-01,1.049481257796287537e-01,1.368299573659896851e-01,1.498578698374330997e-03,6.161829829216003418e-02,-3.430286422371864319e-02,2.396884188055992126e-02,-6.409109570086002350e-03,1.991065219044685364e-02,8.261521346867084503e-03,-2.489076182246208191e-02,1.450450420379638672e-01,1.355403941124677658e-02,7.133213337510824203e-03,1.739347167313098907e-02,-3.272934630513191223e-02,-7.223578542470932007e-02,6.089985743165016174e-02,1.101687643676996231e-02,-4.281128197908401489e-02,7.170769572257995605e-02,9.034029208123683929e-03,2.256936579942703247e-02,2.456605620682239532e-02,4.220188781619071960e-02,-1.056560222059488297e-02,-6.724303215742111206e-02,-5.256255716085433960e-02,6.949205696582794189e-02,6.191680207848548889e-03,1.187188178300857544e-02,8.992846123874187469e-03,-6.712576746940612793e-02,6.140655651688575745e-02,9.876952320337295532e-02,6.426933407783508301e-02,1.324111223220825195e-02,-4.208672419190406799e-02,3.081096708774566650e-02,-3.574703633785247803e-02,3.328547254204750061e-02,-2.709620166569948196e-03,8.025152236223220825e-02,1.962462998926639557e-02,3.941560536623001099e-02,-5.769724957644939423e-03,7.043673098087310791e-02,-1.447873115539550781e-01,2.485102973878383636e-02,8.950097113847732544e-02,4.412534460425376892e-02,-1.288402173668146133e-02,-1.246978044509887695e-01,2.605175971984863281e-02,1.753746718168258667e-01
2.278240583837032318e-02,-5.278985202312469482e-02,8.687835186719894409e-02,-1.254490911960601807e-01,1.015193164348602295e-01,1.667602211236953735e-01,2.049305103719234467e-02,1.547227986156940460e-02,5.996902659535408020e-02,4.672910086810588837e-03,-1.288790553808212280e-01,-7.931142300367355347e-02,4.258909821510314941e-02,-2.872781641781330109e-02,5.844065174460411072e-02,-1.164237782359123230e-01,7.311190664768218994e-02,8.830212056636810303e-02,6.052224710583686829e-02,4.374698922038078308e-02,1.328431814908981323e-02,-8.406829088926315308e-02,-9.640423208475112915e-02,1.540830731391906738e-01,2.336483299732208252e-01,-7.650551851838827133e-04,2.552800811827182770e-02,-2.657904662191867828e-02,-1.343904878012835979e-03,3.976190090179443359e-02,1.708625000901520252e-03,-1.594671905040740967e-01,2.253686822950839996e-02,-5.450028553605079651e-02,-8.529137820005416870e-02,8.571605384349822998e-02,1.248145662248134613e-02,-6.021706759929656982e-02,4.233899712562561035e-02,6.904218345880508423e-02,6.109240278601646423e-02,2.125468337908387184e-03,6.693626195192337036e-02,-2.603338472545146942e-02,-3.543820232152938843e-02,-1.390049606561660767e-01,8.514699339866638184e-02,1.490501910448074341e-01,-3.021842613816261292e-02,9.154698252677917480e-02,9.657581150531768799e-02,-1.171547174453735352e-01,-1.194679066538810730e-01,-2.531041204929351807e-02,-3.754691407084465027e-02,-1.374648213386535645e-01,-1.303332298994064331e-01,-7.718225568532943726e-02,-1.510290354490280151e-01,-1.539495866745710373e-02,2.686827816069126129e-02,1.915494538843631744e-02,3.856619447469711304e-02,6.863872054964303970e-03,1.906677484512329102e-01,-7.700577378273010254e-02,1.196909397840499878e-01,4.532221704721450806e-02,-3.354425355792045593e-02,7.196833938360214233e-02,-1.284479280002415180e-03,-1.367888692766427994e-02,2.320910394191741943e-01,1.405525058507919312e-01,1.457596570253372192e-01,1.287595182657241821e-01,-1.738248020410537720e-02,3.307044878602027893e-02,-1.570709422230720520e-02,5.998743325471878052e-02,1.826235093176364899e-02,1.245587249286472797e-03,2.887054160237312317e-02,2.623462118208408356e-03,7.757998257875442505e-02,1.004122663289308548e-02,-1.042563561350107193e-02,-2.125583589076995850e-02,-3.792432323098182678e-02,-2.438812144100666046e-02,1.605134308338165283e-01,7.144446671009063721e-02,-6.810106337070465088e-02,1.645964570343494415e-02,-1.092998310923576355e-02,-7.682023104280233383e-03,3.079745173454284668e-02,-5.725082010030746460e-03,5.922853946685791016e-02,-1.093699783086776733e-01,-5.557612329721450806e-02,6.132989376783370972e-02,9.906950406730175018e-03,3.271469473838806152e-02,2.073243819177150726e-02,-5.010592285543680191e-03,4.535115882754325867e-02,1.658284477889537811e-02,4.727802798151969910e-02,1.830128720030188560e-03,-9.346420876681804657e-03,5.064412578940391541e-02,1.194187719374895096e-02,-4.461973905563354492e-03,-5.609500408172607422e-02,1.154997199773788452e-02,6.290673464536666870e-02,9.956119582056999207e-03,-6.197589635848999023e-02,4.893342405557632446e-02,-1.524424254894256592e-01,-3.568518534302711487e-02,9.503578394651412964e-02,4.107760637998580933e-02,-2.882733568549156189e-02,-1.708313524723052979e-01,-1.756064221262931824e-02,1.986306756734848022e-01
-9.690816514194011688e-04,4.275282844901084900e-02,7.921647280454635620e-02,-7.625303417444229126e-02,1.507882028818130493e-01,9.872809052467346191e-02,-1.872895471751689911e-02,-6.993768364191055298e-02,1.098192203789949417e-02,-1.968081854283809662e-02,-1.122888550162315369e-01,-1.086567807942628860e-02,4.470700398087501526e-02,-5.746698379516601562e-02,6.530507653951644897e-02,-8.731753379106521606e-02,4.684744402766227722e-02,2.351964451372623444e-02,6.378296762704849243e-02,3.768357262015342712e-02,-5.006664991378784180e-02,-3.122262097895145416e-02,-3.426056727766990662e-02,1.530598551034927368e-01,2.072312086820602417e-01,6.539502739906311035e-02,4.223023727536201477e-02,9.200347959995269775e-02,1.585839316248893738e-02,-1.280076894909143448e-02,-5.668418854475021362e-02,-8.874811232089996338e-02,-4.497409239411354065e-02,-6.773615628480911255e-02,-4.896928369998931885e-02,1.301610618829727173e-01,9.144853055477142334e-02,-2.962702140212059021e-02,3.875649720430374146e-02,9.282768517732620239e-02,3.400301560759544373e-02,-6.903259456157684326e-02,5.244864150881767273e-02,-1.196604315191507339e-02,-4.495003446936607361e-02,-1.326529085636138916e-01,6.709109991788864136e-02,1.509361267089843750e-01,-1.060738041996955872e-02,6.468949839472770691e-03,3.532205894589424133e-02,-1.228487938642501831e-01,-9.421180933713912964e-02,-8.069469034671783447e-02,-1.419377233833074570e-02,-3.904260694980621338e-02,-7.729349285364151001e-02,-4.909094050526618958e-02,-1.560601443052291870e-01,-3.069354034960269928e-02,1.794955879449844360e-02,-7.357493042945861816e-03,4.236482083797454834e-02,-4.054098948836326599e-02,1.579705774784088135e-01,-1.025545001029968262e-01,9.528453648090362549e-02,9.352140128612518311e-02,8.955119177699089050e-03,7.342807948589324951e-02,2.026322111487388611e-02,-5.583780258893966675e-02,2.140464782714843750e-01,1.433359831571578979e-01,7.957273721694946289e-02,7.860941439867019653e-02,-8.106350898742675781e-02,3.696461021900177002e-02,3.750617057085037231e-02,5.805622786283493042e-02,-1.833018846809864044e-02,-4.568288102746009827e-02,-1.025961488485336304e-01,-7.704233378171920776e-02,1.837025582790374756e-01,3.959759324789047241e-02,2.503955736756324768e-03,2.648392319679260254e-02,-4.403444379568099976e-02,-6.173352152109146118e-02,1.175763830542564392e-01,2.822930179536342621e-02,3.498258069157600403e-02,5.189868435263633728e-02,3.601211309432983398e-02,5.383883044123649597e-02,4.932941123843193054e-02,3.136832639575004578e-02,2.310031652450561523e-02,-8.035584539175033569e-02,2.939662663266062737e-03,1.135235056281089783e-01,-3.052049316465854645e-02,1.131673902273178101e-02,1.374715194106101990e-02,-1.058531403541564941e-01,7.377859950065612793e-02,5.750176310539245605e-02,6.605722010135650635e-02,6.025004759430885315e-02,-5.862702056765556335e-02,8.516224101185798645e-03,-1.324340607970952988e-02,2.939295023679733276e-02,3.201194852590560913e-02,1.398300230503082275e-01,-2.733443304896354675e-02,-2.482535503804683685e-02,-1.109552085399627686e-01,1.109274104237556458e-01,-1.069765090942382812e-01,7.958333939313888550e-02,1.167951971292495728e-01,3.794724121689796448e-02,9.274872019886970520e-03,-1.595991253852844238e-01,2.464596740901470184e-02,1.554611623287200928e-01
4.495173227041959763e-03,-2.218126691877841949e-02,1.565496176481246948e-01,-1.366570889949798584e-01,4.748254269361495972e-02,2.159029245376586914e-01,6.262475997209548950e-02,3.298893570899963379e-02,-4.947481676936149597e-02,1.831031590700149536e-02,-1.192588433623313904e-01,-2.560850977897644043e-02,-4.267081245779991150e-02,4.786201566457748413e-02,8.575543016195297241e-02,-7.218893617391586304e-02,-2.115699648857116699e-02,6.255778670310974121e-02,3.296184912323951721e-02,1.069050356745719910e-01,6.280607730150222778e-02,-2.900680154561996460e-02,-8.496530354022979736e-02,1.736143082380294800e-01,2.342485785484313965e-01,3.557526692748069763e-02,-8.091456443071365356e-02,1.651318557560443878e-02,2.539457753300666809e-02,-1.243904083967208862e-01,-6.369840353727340698e-02,-1.010028831660747528e-02,9.762929379940032959e-02,8.249312639236450195e-02,-1.423283070325851440e-01,9.923958033323287964e-02,7.279267907142639160e-02,-1.030124500393867493e-01,-1.051872782409191132e-02,1.419687718152999878e-01,-9.205527603626251221e-03,2.155032008886337280e-03,6.982664763927459717e-02,-2.185991592705249786e-02,-4.383672773838043213e-02,-1.475949287414550781e-01,5.825838074088096619e-02,1.069220080971717834e-01,2.360256947576999664e-02,-3.599708527326583862e-02,3.729126974940299988e-02,-1.033394113183021545e-01,-3.464047983288764954e-02,2.820991724729537964e-02,-3.212638571858406067e-02,-3.386286646127700806e-02,-1.052494123578071594e-01,-3.450676798820495605e-02,-8.082380890846252441e-02,5.680886562913656235e-03,4.655048623681068420e-02,1.500726211816072464e-02,1.287253350019454956e-01,9.613879770040512085e-02,1.368440389633178711e-01,-6.775623559951782227e-02,7.967735826969146729e-02,8.765432238578796387e-02,3.618028014898300171e-02,2.982946857810020447e-02,-6.944815814495086670e-02,-1.354651004076004028e-01,1.809403896331787109e-01,7.093209028244018555e-02,8.555739372968673706e-02,1.371106356382369995e-01,6.268508266657590866e-03,8.023757487535476685e-02,-3.952632844448089600e-02,-4.659205675125122070e-02,-6.862835586071014404e-02,-1.399300433695316315e-02,-6.739126052707433701e-03,1.182429790496826172e-01,8.793760836124420166e-02,-7.401084154844284058e-02,-2.190573140978813171e-02,1.219809055328369141e-04,-4.063479974865913391e-02,-1.464456170797348022e-01,6.778895854949951172e-02,5.906540527939796448e-02,-6.384210288524627686e-02,4.248072579503059387e-02,2.986183390021324158e-02,8.942333981394767761e-03,1.303859204053878784e-01,6.836616247892379761e-02,-2.011942304670810699e-02,-1.103556528687477112e-01,-7.501693814992904663e-02,-2.089905180037021637e-02,2.091674692928791046e-02,1.037434041500091553e-01,1.188208088278770447e-01,-2.813436836004257202e-02,7.937343418598175049e-02,-2.343278937041759491e-02,8.596714586019515991e-03,6.500368565320968628e-02,-5.742156878113746643e-02,1.369592696428298950e-01,1.683304607868194580e-01,-3.289989382028579712e-02,-6.840032525360584259e-03,3.229746222496032715e-02,-4.912477731704711914e-02,2.913677878677845001e-02,-1.002859324216842651e-01,3.737891465425491333e-02,-1.449179351329803467e-01,4.037413001060485840e-02,5.703911185264587402e-02,4.804006218910217285e-02,-7.813189923763275146e-02,-1.921327710151672363e-01,-5.192953348159790039e-02,3.541778400540351868e-02
-3.256372734904289246e-02,-5.508158728480339050e-02,8.862054347991943359e-02,-1.323363184928894043e-01,9.680802002549171448e-03,1.174725443124771118e-01,7.275153882801532745e-03,1.804677303880453110e-03,3.132599219679832458e-02,-6.269951164722442627e-02,-8.381016552448272705e-02,3.190164640545845032e-02,8.017013221979141235e-02,-6.274186819791793823e-02,4.990829154849052429e-02,-5.785705149173736572e-02,3.924257680773735046e-02,1.213470324873924255e-01,1.843881048262119293e-02,2.639341913163661957e-02,3.025537729263305664e-02,-6.019977852702140808e-02,-1.419118791818618774e-01,1.726631969213485718e-01,2.398627251386642456e-01,3.272640751674771309e-03,8.150220662355422974e-02,-8.273124694824218750e-05,1.151859387755393982e-02,-7.632710784673690796e-02,-4.623181000351905823e-02,-1.393052190542221069e-02,4.173871129751205444e-02,-4.618880897760391235e-02,-8.950798772275447845e-03,1.077335402369499207e-01,-3.221150860190391541e-02,-5.432053655385971069e-02,-8.167203515768051147e-03,1.265978813171386719e-01,4.103131592273712158e-02,-8.710491470992565155e-03,1.430473383516073227e-02,-3.237533569335937500e-02,-1.013896986842155457e-01,-1.243134886026382446e-01,6.147400662302970886e-02,1.267484575510025024e-01,-2.237673616036772728e-03,7.530554383993148804e-02,4.727983847260475159e-02,-8.219487965106964111e-02,-3.533824905753135681e-02,1.848969608545303345e-02,-6.842162460088729858e-02,-8.954750746488571167e-02,-1.062341704964637756e-01,-3.081174381077289581e-02,-7.418680191040039062e-02,-5.752052646130323410e-03,5.780929699540138245e-03,-1.018277276307344437e-02,6.616207957267761230e-02,4.792196303606033325e-02,2.189197540283203125e-01,-8.356275409460067749e-02,1.032285317778587341e-01,9.234437346458435059e-02,7.845060899853706360e-03,3.002456016838550568e-02,-2.206795662641525269e-02,-2.034776471555233002e-02,2.141748666763305664e-01,1.281211078166961670e-01,2.446735743433237076e-03,1.403117477893829346e-01,-1.781021803617477417e-02,4.167350009083747864e-02,-5.511114373803138733e-02,8.155377209186553955e-02,-1.032586023211479187e-01,-5.672274273820221424e-04,-2.199258655309677124e-03,5.656075850129127502e-02,1.608072966337203979e-01,7.738675177097320557e-02,1.373565010726451874e-02,4.220197349786758423e-02,-1.663152873516082764e-02,-6.428596377372741699e-02,1.085038259625434875e-01,1.107758134603500366e-01,4.369505122303962708e-02,8.768541738390922546e-03,-2.508754469454288483e-02,-4.231677576899528503e-02,6.355296820402145386e-02,5.754578858613967896e-02,9.438085556030273438e-02,-1.485926806926727295e-01,-3.097934089601039886e-02,8.342889696359634399e-02,-1.158727891743183136e-02,2.934468165040016174e-02,-4.680233448743820190e-02,-5.976733192801475525e-02,4.336252436041831970e-02,1.379441004246473312e-02,4.993754625320434570e-02,3.510075435042381287e-02,-2.630246616899967194e-02,1.137017235159873962e-01,4.419577494263648987e-02,-1.663120090961456299e-02,-2.720742113888263702e-02,6.738252937793731689e-02,-3.729329258203506470e-02,-4.091686569154262543e-03,-3.388382121920585632e-02,7.180648297071456909e-02,-2.242003679275512695e-01,2.244426310062408447e-02,8.474504947662353516e-02,6.193890422582626343e-02,-1.343378052115440369e-02,-1.668082028627395630e-01,-2.196077816188335419e-02,1.700283437967300415e-01
-2.688870765268802643e-02,6.983350217342376709e-02,-4.404425993561744690e-02,-8.987016975879669189e-02,-2.002418227493762970e-02,9.824118018150329590e-02,2.523568458855152130e-02,-4.238043446093797684e-03,-7.102756295353174210e-03,-4.214919731020927429e-02,-2.748535946011543274e-02,-7.944838702678680420e-02,-8.292997628450393677e-02,-4.017356038093566895e-02,5.915578082203865051e-02,-8.242925256490707397e-02,4.050126671791076660e-02,8.234721422195434570e-02,5.139862746000289917e-02,1.027056574821472168e-01,8.974549360573291779e-03,-3.588195890188217163e-02,7.465580850839614868e-02,1.608884781599044800e-01,4.648087173700332642e-02,1.275064889341592789e-02,2.976282872259616852e-02,6.011847406625747681e-02,-2.882396988570690155e-02,1.796198263764381409e-02,-3.896056860685348511e-02,-7.557147741317749023e-02,5.300608649849891663e-02,-4.741304554045200348e-03,-8.331368863582611084e-02,5.874028895050287247e-03,2.960331924259662628e-02,-7.212345302104949951e-02,-5.905424430966377258e-02,4.790218546986579895e-02,7.160816341638565063e-02,-4.652473330497741699e-02,2.496814168989658356e-02,-1.172053720802068710e-02,-8.765799924731254578e-03,4.534302279353141785e-03,3.671053424477577209e-02,1.009212434291839600e-01,-1.118242964148521423e-01,-2.313522808253765106e-02,1.433634757995605469e-01,5.090519785881042480e-03,-5.130571499466896057e-02,2.227899804711341858e-02,2.148237312212586403e-03,-8.774562180042266846e-02,-2.844415232539176941e-02,-6.622052937746047974e-02,-9.602479636669158936e-02,-2.154806256294250488e-02,-6.018520146608352661e-02,1.009618937969207764e-01,-3.118299320340156555e-02,-4.764201492071151733e-02,7.289747148752212524e-02,2.246380224823951721e-02,-4.119587317109107971e-02,8.687943220138549805e-02,2.303666435182094574e-02,1.239848211407661438e-01,-2.536247298121452332e-02,-1.136836260557174683e-01,1.805960088968276978e-01,1.922688335180282593e-01,7.415448874235153198e-02,8.401772379875183105e-02,-1.320651825517416000e-02,3.234092146158218384e-02,-1.605742052197456360e-02,1.014232039451599121e-01,1.003530994057655334e-01,6.393762305378913879e-03,4.980932921171188354e-02,-5.287393182516098022e-02,2.521025203168392181e-02,-2.159810811281204224e-02,-9.962758421897888184e-02,2.700116299092769623e-02,-1.027205362915992737e-01,-1.236687600612640381e-01,6.154749169945716858e-02,1.304984278976917267e-02,3.732418268918991089e-02,3.727597184479236603e-03,9.632288478314876556e-03,5.140914581716060638e-03,8.076817542314529419e-02,-1.779523119330406189e-02,-8.891844749450683594e-02,-3.422463312745094299e-02,-2.271750010550022125e-02,-1.967861317098140717e-02,-2.638154895976185799e-03,6.941043585538864136e-02,7.632517814636230469e-02,-5.839930102229118347e-02,2.335817553102970123e-02,1.767251342535018921e-01,8.333046734333038330e-02,-2.268851548433303833e-02,2.743645943701267242e-02,-6.483838707208633423e-02,-3.141912445425987244e-02,-5.331703927367925644e-03,4.139455035328865051e-02,-1.204609172418713570e-03,4.296213388442993164e-02,8.023953065276145935e-03,2.661603502929210663e-02,8.258716762065887451e-02,-9.539632499217987061e-02,-2.134511433541774750e-02,-9.465709328651428223e-03,1.178341172635555267e-02,-3.312478214502334595e-02,-9.065586328506469727e-02,-6.698987632989883423e-02,1.006456017494201660e-01
2.558732172474265099e-03,1.661954680457711220e-03,4.682713001966476440e-02,-8.896010369062423706e-02,9.441083669662475586e-02,1.011844277381896973e-01,-2.302671410143375397e-02,-1.719746179878711700e-02,4.466950148344039917e-02,-1.309355720877647400e-02,-2.214772813022136688e-02,2.123450674116611481e-02,4.611785337328910828e-02,-9.878852963447570801e-02,-4.811282455921173096e-02,-1.183048188686370850e-01,6.987801194190979004e-02,1.025224104523658752e-01,6.000438705086708069e-02,8.772802352905273438e-02,2.990256436169147491e-02,-4.344682767987251282e-02,-5.505724996328353882e-02,1.175962761044502258e-01,1.927867084741592407e-01,-3.633918613195419312e-02,3.910706564784049988e-02,5.940346047282218933e-02,2.874119020998477936e-02,5.160344764590263367e-03,-3.163268044590950012e-02,-1.462880820035934448e-01,-8.020197972655296326e-03,-3.444464504718780518e-02,-3.861053287982940674e-02,8.415091782808303833e-02,4.600879270583391190e-03,-5.524900555610656738e-02,-7.649778854101896286e-03,5.852377787232398987e-02,4.990641400218009949e-02,-6.496706604957580566e-02,6.445118039846420288e-02,-2.895600162446498871e-02,-7.746320962905883789e-02,-1.132473945617675781e-01,8.244162797927856445e-02,1.432130038738250732e-01,-4.160379618406295776e-02,8.544847369194030762e-02,6.676863133907318115e-02,-1.054254621267318726e-01,-1.090431436896324158e-01,5.300382152199745178e-03,-3.854104876518249512e-02,-3.539504483342170715e-02,-1.333516389131546021e-01,-6.703883409500122070e-02,-1.095280423760414124e-01,-1.985673233866691589e-02,-3.348286822438240051e-02,2.005594223737716675e-02,1.876142993569374084e-02,1.939681591466069221e-03,1.898777335882186890e-01,-3.058778122067451477e-02,1.180121228098869324e-01,1.150460541248321533e-01,9.697520174086093903e-03,7.497479766607284546e-02,-6.143211573362350464e-02,-2.350278757512569427e-02,1.874843537807464600e-01,1.195540204644203186e-01,9.846081584692001343e-02,1.024696826934814453e-01,-1.876455545425415039e-02,3.349975496530532837e-02,-2.507174387574195862e-03,6.226683408021926880e-02,-4.336133226752281189e-02,-7.510769367218017578e-02,2.266102097928524017e-02,-2.194320410490036011e-02,1.067744120955467224e-01,4.984160885214805603e-02,2.140996232628822327e-02,-4.489689599722623825e-03,-5.364133417606353760e-02,-8.330167829990386963e-02,1.216640621423721313e-01,3.636329248547554016e-02,-3.210709616541862488e-02,4.319642111659049988e-02,1.397753972560167313e-02,-8.767499588429927826e-03,4.217832908034324646e-02,-3.214970231056213379e-02,6.684327870607376099e-02,-4.553614556789398193e-02,-2.040403895080089569e-02,8.210399746894836426e-02,-4.089835286140441895e-02,-1.821605372242629528e-03,-1.371217146515846252e-02,-8.981074206531047821e-03,5.261231213808059692e-02,2.635383279994130135e-03,1.697642169892787933e-02,2.052260376513004303e-02,1.086549833416938782e-02,2.759154886007308960e-02,-3.871507197618484497e-02,-1.447855262085795403e-03,-2.556034922599792480e-02,8.945810049772262573e-02,2.051169797778129578e-02,-3.359367325901985168e-02,-6.092621758580207825e-02,9.700451046228408813e-02,-1.063529700040817261e-01,-2.486432204023003578e-03,5.464266985654830933e-02,5.862973164767026901e-03,-5.068220570683479309e-02,-9.553761780261993408e-02,-1.602767384611070156e-03,2.026348263025283813e-01
2.206378430128097534e-02,2.842805813997983932e-03,1.036019176244735718e-01,-1.134499013423919678e-01,1.270681619644165039e-01,9.964101761579513550e-02,-9.894255548715591431e-03,-1.240556221455335617e-02,4.048886150121688843e-02,2.440980635583400726e-02,-1.012455895543098450e-01,9.880160912871360779e-03,6.562767177820205688e-02,-4.359534382820129395e-02,1.383698917925357819e-02,-8.823168277740478516e-02,7.754970341920852661e-02,6.535816192626953125e-02,-5.625962745398283005e-03,6.121389195322990417e-02,2.508113905787467957e-02,-4.320864379405975342e-02,-7.095189392566680908e-02,1.719260513782501221e-01,2.118531018495559692e-01,4.386813379824161530e-03,4.615773260593414307e-02,9.635447524487972260e-03,3.364948928356170654e-02,5.572494491934776306e-02,-3.341490775346755981e-02,-1.269109100103378296e-01,-6.654670462012290955e-03,-7.855311781167984009e-02,-1.004206016659736633e-02,8.936263620853424072e-02,3.314710408449172974e-02,-6.292683631181716919e-02,9.964552707970142365e-03,5.550440400838851929e-02,2.583608031272888184e-02,-3.189527243375778198e-02,1.166105922311544418e-02,1.970973797142505646e-03,-4.728093743324279785e-02,-1.132446303963661194e-01,7.386092096567153931e-02,1.478754580020904541e-01,-1.214408595114946365e-02,7.868847250938415527e-02,1.033683493733406067e-01,-9.415210783481597900e-02,-9.396690130233764648e-02,-4.204430431127548218e-02,-7.593715190887451172e-02,-9.006320685148239136e-02,-7.947257906198501587e-02,-2.042760141193866730e-02,-1.464932709932327271e-01,-1.393889263272285461e-02,4.461736232042312622e-02,2.255906164646148682e-02,5.983996205031871796e-03,-1.848647929728031158e-02,1.570950746536254883e-01,-6.901329010725021362e-02,9.022460877895355225e-02,6.541015207767486572e-02,-3.192897513508796692e-02,6.991125643253326416e-02,8.360221050679683685e-03,-2.862565033137798309e-02,1.860770434141159058e-01,1.516458541154861450e-01,1.587063074111938477e-01,1.473572999238967896e-01,-4.802076891064643860e-02,6.588968634605407715e-02,-1.030146237462759018e-02,2.407377399504184723e-02,-5.466203764081001282e-02,-6.503561884164810181e-02,1.875219400972127914e-03,-1.878299750387668610e-02,1.234460622072219849e-01,-1.663930341601371765e-02,1.795289665460586548e-02,1.422765012830495834e-02,-4.233418032526969910e-02,-7.495166361331939697e-02,1.256895512342453003e-01,6.176944077014923096e-02,-8.956458419561386108e-02,2.022020518779754639e-02,6.166397361084818840e-04,7.328079547733068466e-03,4.397242888808250427e-02,-2.000746084377169609e-03,5.696719884872436523e-02,-1.547527164220809937e-01,-5.438680574297904968e-02,7.830461114645004272e-02,-4.937459528446197510e-02,2.671854011714458466e-02,1.604972756467759609e-03,-2.499217540025711060e-02,6.131713464856147766e-02,2.865965664386749268e-02,-8.527429774403572083e-03,1.292809285223484039e-02,-3.239760547876358032e-02,5.037860479205846786e-03,-2.764059975743293762e-02,1.966964825987815857e-02,-1.587817631661891937e-02,7.772676646709442139e-02,5.925033614039421082e-02,7.267919182777404785e-02,-5.060033500194549561e-02,3.430694341659545898e-02,-1.395977139472961426e-01,5.538871139287948608e-02,9.137890487909317017e-02,3.069863282144069672e-02,-3.276078030467033386e-02,-1.561189442873001099e-01,1.744695194065570831e-02,1.802259534597396851e-01
4.006483126431703568e-03,9.465352632105350494e-03,9.535175561904907227e-02,-1.306320279836654663e-01,1.551372855901718140e-01,1.445457637310028076e-01,-1.608790084719657898e-02,-7.318346947431564331e-02,3.051498159766197205e-02,1.255145110189914703e-02,-7.741554826498031616e-02,1.275937911123037338e-02,4.869426786899566650e-02,-2.529430016875267029e-02,1.810287125408649445e-02,-1.163567751646041870e-01,8.108160644769668579e-02,9.535866230726242065e-02,-1.355341356247663498e-02,7.697577029466629028e-02,3.609238937497138977e-02,-7.638740539550781250e-02,-6.687024235725402832e-02,1.721231788396835327e-01,2.186682373285293579e-01,1.822096668183803558e-02,2.296324120834469795e-03,-1.873327419161796570e-02,-4.360287263989448547e-02,-3.002703003585338593e-02,-4.907462000846862793e-02,-1.021419242024421692e-01,3.277117013931274414e-02,-4.133826587349176407e-03,-9.928129613399505615e-02,9.333248436450958252e-02,6.132113561034202576e-02,-4.524857923388481140e-02,5.832672491669654846e-02,8.874823153018951416e-02,5.802949517965316772e-02,-4.971880465745925903e-03,3.259370848536491394e-02,-4.579191282391548157e-02,-7.290934771299362183e-02,-1.172700524330139160e-01,7.528362423181533813e-02,1.772393584251403809e-01,-6.877022236585617065e-02,5.534734949469566345e-02,8.619081974029541016e-02,-9.707376360893249512e-02,-6.412515044212341309e-02,-7.182706147432327271e-02,-5.514249205589294434e-02,-8.308193087577819824e-02,-7.011268287897109985e-02,-7.225007563829421997e-02,-1.520790159702301025e-01,-2.289035171270370483e-02,1.969955489039421082e-02,1.685572788119316101e-02,2.321192622184753418e-02,8.523068577051162720e-02,2.204264551401138306e-01,-6.741109490394592285e-02,1.152220517396926880e-01,8.648052811622619629e-02,2.456686086952686310e-02,7.784338295459747314e-02,-3.209453448653221130e-02,-1.192465424537658691e-02,2.240607142448425293e-01,1.308938562870025635e-01,1.080126315355300903e-01,1.077957600355148315e-01,-9.679599851369857788e-02,3.567399457097053528e-02,9.468271397054195404e-03,4.915706068277359009e-02,-9.463031589984893799e-02,-7.283767312765121460e-02,4.390704631805419922e-02,-7.319199386984109879e-03,7.115337997674942017e-02,6.499475985765457153e-02,1.409598160535097122e-02,1.487106643617153168e-02,-6.588403880596160889e-02,-2.174260839819908142e-02,1.575741320848464966e-01,1.065876930952072144e-01,-6.691163778305053711e-02,-1.092196628451347351e-02,-7.633475959300994873e-02,-5.570022389292716980e-02,9.790738672018051147e-02,4.608686268329620361e-02,9.605254232883453369e-02,-1.815406531095504761e-01,-4.972144588828086853e-02,7.671594619750976562e-02,-3.405323252081871033e-02,-7.474163081496953964e-03,-1.101452205330133438e-02,-4.130866006016731262e-02,9.592038393020629883e-02,7.004723697900772095e-02,2.747987583279609680e-02,9.590979898348450661e-04,-5.686905607581138611e-02,3.877187520265579224e-02,-7.534986827522516251e-03,1.236432231962680817e-02,-2.142056636512279510e-02,1.146505102515220642e-01,4.769616201519966125e-02,1.613023690879344940e-02,-9.473998099565505981e-02,5.201742425560951233e-02,-1.091375499963760376e-01,3.022485598921775818e-02,3.982143849134445190e-02,4.898744821548461914e-02,-1.205490157008171082e-02,-1.438150256872177124e-01,5.529494211077690125e-02,2.144067436456680298e-01
5.282522365450859070e-02,3.635211614891886711e-03,1.237979307770729065e-01,-1.019240692257881165e-01,5.303274467587471008e-02,1.463662683963775635e-01,2.127197943627834320e-02,-1.923436671495437622e-02,1.077222824096679688e-02,-6.582022458314895630e-02,-1.023434922099113464e-01,-2.056916244328022003e-02,6.535505503416061401e-02,-3.999753296375274658e-02,8.752469718456268311e-02,-3.943226858973503113e-02,1.578682474792003632e-02,9.551320225000381470e-02,-3.834154829382896423e-02,2.307481877505779266e-02,-1.868156250566244125e-03,-5.132607370615005493e-02,-1.392475217580795288e-01,1.509749591350555420e-01,2.463585138320922852e-01,-2.907389029860496521e-02,3.973862901329994202e-02,-2.347315661609172821e-03,7.433122396469116211e-02,-2.854100661352276802e-03,-3.313380060717463493e-03,-9.820389747619628906e-02,6.596042960882186890e-02,-4.073958843946456909e-02,9.517590515315532684e-03,1.066036224365234375e-01,5.907666310667991638e-02,-4.496502131223678589e-02,6.281815469264984131e-02,1.394910663366317749e-01,5.714798718690872192e-02,1.107057370245456696e-02,2.792469412088394165e-02,-5.227478221058845520e-02,-5.576335638761520386e-02,-1.635779291391372681e-01,9.519222378730773926e-02,1.445981413125991821e-01,-7.722979784011840820e-02,1.486144214868545532e-02,9.925363957881927490e-02,-1.046300381422042847e-01,3.376619890332221985e-03,-3.296094946563243866e-03,-6.998985260725021362e-02,-7.664214074611663818e-02,-1.465797126293182373e-01,-5.841005966067314148e-02,-1.253364533185958862e-01,-2.086687833070755005e-02,-4.982649115845561028e-04,-4.352951794862747192e-02,8.580891788005828857e-02,7.305285334587097168e-02,2.142726033926010132e-01,-6.295952200889587402e-02,8.993335068225860596e-02,4.079159721732139587e-02,-5.981585010886192322e-02,2.244521491229534149e-02,-6.141023710370063782e-02,2.106485888361930847e-02,2.201451659202575684e-01,1.137026399374008179e-01,7.442861050367355347e-02,1.485375612974166870e-01,7.711646612733602524e-04,8.585119247436523438e-02,-1.721706613898277283e-02,6.478568911552429199e-02,-1.104074269533157349e-01,5.760183557868003845e-02,5.385234951972961426e-02,2.579021453857421875e-02,1.764199286699295044e-01,5.968314409255981445e-02,-7.257482036948204041e-03,-7.573190610855817795e-03,-4.322801530361175537e-02,-2.909997664391994476e-02,8.421900123357772827e-02,1.032696664333343506e-01,-4.783189669251441956e-02,2.024728059768676758e-02,2.387638203799724579e-03,-1.789694279432296753e-02,8.686090260744094849e-02,6.454706937074661255e-02,5.672830715775489807e-02,-9.877365082502365112e-02,-4.182457050774246454e-04,9.208889305591583252e-02,-3.076827153563499451e-02,-2.374360710382461548e-02,-4.181106388568878174e-02,-1.984147913753986359e-02,2.410412393510341644e-02,-2.275943756103515625e-02,1.838581077754497528e-02,4.181614890694618225e-02,9.559011086821556091e-03,7.779667526483535767e-02,1.145211327821016312e-02,-4.903872963041067123e-03,-2.819952368736267090e-02,2.324293367564678192e-02,1.587695442140102386e-02,1.914210803806781769e-02,-6.545642018318176270e-02,5.830334499478340149e-02,-1.724183708429336548e-01,3.288542851805686951e-02,1.073963716626167297e-01,2.493978850543498993e-02,-2.276867441833019257e-02,-1.804743707180023193e-01,-3.806655108928680420e-02,1.976402550935745239e-01
-8.190388791263103485e-03,-2.205073833465576172e-04,1.287801265716552734e-01,-1.341988295316696167e-01,6.277698278427124023e-02,1.387712657451629639e-01,-2.295591123402118683e-02,-1.771023310720920563e-02,5.464076623320579529e-02,2.075975760817527771e-02,-1.586449295282363892e-01,-1.401934400200843811e-02,1.971752010285854340e-02,3.545737266540527344e-02,1.701729930937290192e-02,-4.780070856213569641e-02,4.968880489468574524e-02,4.029340669512748718e-02,5.907360091805458069e-02,8.043676614761352539e-02,6.502380967140197754e-02,2.590288221836090088e-02,-1.220754534006118774e-01,1.524646878242492676e-01,2.011133134365081787e-01,-4.598810151219367981e-02,-1.428626105189323425e-02,-6.225505098700523376e-02,1.135938148945569992e-02,-4.673286527395248413e-02,-4.814374446868896484e-02,-5.431590974330902100e-02,-2.795748412609100342e-03,-1.266084462404251099e-01,-4.454098641872406006e-02,9.432718902826309204e-02,4.285649955272674561e-02,-5.971761792898178101e-02,-1.900315657258033752e-02,8.893544971942901611e-02,5.291577428579330444e-02,2.173185907304286957e-02,-4.102188348770141602e-02,-5.557984113693237305e-02,-1.706481277942657471e-01,-1.151036396622657776e-01,7.574144005775451660e-02,6.978489458560943604e-02,-9.030993678607046604e-04,3.803237900137901306e-02,1.454383730888366699e-01,-1.933658309280872345e-02,-1.032892391085624695e-01,-1.786286197602748871e-02,-3.106833435595035553e-02,-5.108236148953437805e-02,-6.601098179817199707e-02,-4.023732244968414307e-02,-1.409803032875061035e-01,-1.352561358362436295e-02,3.157176822423934937e-02,1.177873276174068451e-02,4.220616817474365234e-02,5.353735387325286865e-02,2.173711806535720825e-01,-8.915647864341735840e-02,4.156526178121566772e-02,1.452346742153167725e-01,9.881378710269927979e-02,1.185920163989067078e-01,1.022207830101251602e-02,-3.472591191530227661e-02,1.984764933586120605e-01,1.115952581167221069e-01,3.893867135047912598e-02,1.785299181938171387e-01,2.215359359979629517e-02,1.036769971251487732e-01,-4.101349413394927979e-02,3.397078067064285278e-02,-4.629399627447128296e-02,-1.698652282357215881e-02,-2.666183747351169586e-02,-1.707221008837223053e-02,1.002558227628469467e-02,3.851304762065410614e-03,1.159073505550622940e-02,4.707748815417289734e-02,-1.632738858461380005e-02,-9.454566240310668945e-02,1.216714307665824890e-01,5.990140512585639954e-02,-1.155436784029006958e-01,5.582580342888832092e-02,3.031927533447742462e-02,-1.273631118237972260e-03,6.764151901006698608e-02,8.771950751543045044e-02,1.170204579830169678e-01,-1.050183847546577454e-01,-3.193615004420280457e-02,9.407977014780044556e-02,-3.559619560837745667e-02,3.818254452198743820e-03,3.633284196257591248e-02,-7.218594849109649658e-02,7.845545560121536255e-02,7.108572125434875488e-02,3.935963660478591919e-02,1.681789010763168335e-02,-3.844278678297996521e-02,4.276903718709945679e-02,6.201814487576484680e-02,2.016673050820827484e-02,-5.383571237325668335e-02,3.169094398617744446e-02,-2.227928489446640015e-03,4.413037002086639404e-02,-4.273881763219833374e-02,4.972748085856437683e-02,-1.490110754966735840e-01,5.523248761892318726e-02,1.078125163912773132e-01,4.218002036213874817e-02,-4.628468677401542664e-02,-1.272757053375244141e-01,-3.794754296541213989e-02,1.706781983375549316e-01
6.276727467775344849e-02,3.918460756540298462e-02,1.433781385421752930e-01,-1.609013229608535767e-01,1.051568239927291870e-01,1.117853745818138123e-01,1.128613366745412350e-03,6.650683283805847168e-02,7.432476431131362915e-02,3.446682170033454895e-02,-1.092170104384422302e-01,-1.596824638545513153e-02,-1.348479185253381729e-02,-5.688984692096710205e-02,6.961902230978012085e-02,-1.267701089382171631e-01,6.739852577447891235e-02,8.401671051979064941e-02,6.161916628479957581e-02,1.366202086210250854e-01,7.885319739580154419e-02,-8.268685638904571533e-02,-1.185964047908782959e-01,1.692589372396469116e-01,2.161063402891159058e-01,-2.549691312015056610e-02,-9.218906983733177185e-03,-2.959236130118370056e-02,1.866716705262660980e-02,-6.273070722818374634e-02,-2.256743051111698151e-02,-1.034668385982513428e-01,5.071536637842655182e-03,6.383702903985977173e-02,-9.847857058048248291e-02,7.460749894380569458e-02,-1.592984050512313843e-02,-4.044884070754051208e-02,-3.696669265627861023e-02,6.877128779888153076e-02,9.077969938516616821e-02,7.449512183666229248e-02,-9.706042706966400146e-03,-2.929808013141155243e-02,-8.668947219848632812e-02,-8.073448389768600464e-02,8.665892481803894043e-02,1.002379208803176880e-01,-1.110774725675582886e-01,2.320733666419982910e-02,1.990064233541488647e-02,-2.080584317445755005e-02,-1.696313358843326569e-02,-1.503401808440685272e-02,-2.100136596709489822e-03,-5.769490078091621399e-02,-1.200888827443122864e-01,-2.827346324920654297e-02,-8.162505924701690674e-02,-6.818307936191558838e-02,-9.258310496807098389e-02,-1.837827078998088837e-02,4.240102320909500122e-02,1.012940239161252975e-02,1.765885055065155029e-01,-2.650557644665241241e-02,9.349700808525085449e-02,5.462849140167236328e-02,-2.757797203958034515e-02,8.892367780208587646e-02,-1.569624803960323334e-02,-4.938752949237823486e-02,1.642580032348632812e-01,8.540751785039901733e-02,4.393571615219116211e-02,1.646682769060134888e-01,1.908052526414394379e-02,5.713815242052078247e-02,5.334247276186943054e-02,1.143158003687858582e-01,-8.102723956108093262e-02,-1.205171272158622742e-02,7.506237179040908813e-02,7.852299511432647705e-02,1.554644703865051270e-01,-1.235743891447782516e-02,-7.608290761709213257e-02,-6.691394746303558350e-02,-4.923338070511817932e-02,-4.733933880925178528e-02,1.179446727037429810e-01,4.874654114246368408e-02,-7.355615496635437012e-02,5.193746462464332581e-02,-4.220134764909744263e-02,-8.658003062009811401e-02,-3.957224264740943909e-02,7.499708980321884155e-02,6.666657328605651855e-02,-6.651490181684494019e-02,-8.563855290412902832e-02,1.286859363317489624e-01,5.276120826601982117e-02,1.412518136203289032e-02,-7.231736928224563599e-02,-2.818270027637481689e-02,1.012096479535102844e-01,8.406225591897964478e-02,3.194269910454750061e-02,7.306623738259077072e-03,2.947123162448406219e-02,2.624421380460262299e-02,3.453568322584033012e-03,-2.277063764631748199e-02,-1.379902940243482590e-02,2.497469261288642883e-02,5.277894809842109680e-02,2.574964985251426697e-02,-2.944062277674674988e-02,1.840321114286780357e-03,-1.223501488566398621e-01,5.957085639238357544e-03,3.906894475221633911e-02,8.569640666246414185e-02,-1.056923717260360718e-02,-1.764912158250808716e-01,-1.103624608367681503e-02,1.810681521892547607e-01
9.080921113491058350e-02,7.307957112789154053e-02,1.745932400226593018e-01,-1.541679799556732178e-01,1.479819118976593018e-01,1.728195101022720337e-01,-9.206828544847667217e-04,-3.533080965280532837e-02,1.860576495528221130e-02,3.278736397624015808e-02,-1.757856011390686035e-01,-4.339012876152992249e-02,4.427641630172729492e-03,-8.003998547792434692e-02,6.950943171977996826e-02,-5.937568470835685730e-02,4.862238094210624695e-02,4.553882405161857605e-02,2.396842464804649353e-02,9.551837295293807983e-02,7.516069710254669189e-02,-5.686106160283088684e-02,-1.106445789337158203e-01,1.481050848960876465e-01,1.936165839433670044e-01,-3.473719581961631775e-02,-2.984679862856864929e-02,-3.404760733246803284e-02,7.282377034425735474e-02,-6.889770273119211197e-03,3.656630590558052063e-02,-6.635161489248275757e-02,4.405118897557258606e-02,-1.076429616659879684e-03,-7.403865456581115723e-02,6.738745421171188354e-02,2.875935100018978119e-02,-1.093788668513298035e-01,-2.852485142648220062e-02,1.165810748934745789e-01,8.574836701154708862e-02,5.751825124025344849e-02,-4.471952840685844421e-02,1.854788139462471008e-02,-7.044861465692520142e-02,-1.253856867551803589e-01,1.661094278097152710e-02,6.211748346686363220e-02,-8.495689928531646729e-02,8.131151646375656128e-02,9.298145025968551636e-02,-9.513109177350997925e-02,-5.008728057146072388e-02,-5.314888432621955872e-02,-6.281050294637680054e-02,-1.280806064605712891e-01,-1.173121258616447449e-01,-5.140117928385734558e-02,-1.569679826498031616e-01,-9.141859482042491436e-04,8.211486972868442535e-03,-2.059299685060977936e-02,6.646558642387390137e-02,3.502428531646728516e-02,1.772847920656204224e-01,-3.064048290252685547e-02,6.735322624444961548e-02,4.443390667438507080e-02,4.305821284651756287e-02,9.511671960353851318e-02,-6.156187038868665695e-03,-5.368712544441223145e-02,2.200840413570404053e-01,1.400857269763946533e-01,1.681344509124755859e-01,1.605791598558425903e-01,-7.006679195910692215e-03,9.519340097904205322e-02,1.805475726723670959e-02,2.006383426487445831e-02,-7.680954039096832275e-02,-2.495041862130165100e-02,7.041546050459146500e-03,5.875102244317531586e-03,1.231276765465736389e-01,-1.680838502943515778e-02,-6.121541187167167664e-02,-2.627035975456237793e-02,-3.822879120707511902e-02,-8.538361638784408569e-02,1.453868299722671509e-01,1.171079352498054504e-01,-9.149637818336486816e-02,3.247087448835372925e-02,-5.430330708622932434e-02,6.793930195271968842e-03,4.096984490752220154e-02,6.109616905450820923e-02,8.018866181373596191e-02,-1.367722451686859131e-01,-8.089569211006164551e-02,1.014965251088142395e-01,-9.709171950817108154e-03,-5.767219886183738708e-02,-3.388058021664619446e-02,-3.091106750071048737e-02,8.837134391069412231e-02,4.513743147253990173e-02,1.870946958661079407e-02,5.017718300223350525e-02,-2.668971382081508636e-02,6.661822553724050522e-03,1.656815782189369202e-02,3.509985655546188354e-02,-2.372915856540203094e-02,6.326620467007160187e-03,5.507697537541389465e-02,5.817832797765731812e-02,-6.142045184969902039e-02,-8.168216794729232788e-03,-1.502625495195388794e-01,9.883406013250350952e-02,1.351013779640197754e-01,7.131971418857574463e-02,-3.312832117080688477e-02,-1.665038168430328369e-01,7.122365292161703110e-03,1.930449455976486206e-01
2.451688237488269806e-02,-3.792772069573402405e-02,7.256375253200531006e-02,-1.247353330254554749e-01,9.147126227617263794e-02,1.240437701344490051e-01,3.482211753726005554e-02,-3.928712382912635803e-02,-2.459607832133769989e-02,1.300661824643611908e-03,-6.053166463971138000e-02,-1.117668580263853073e-02,-3.474692255258560181e-02,-6.571277230978012085e-02,6.693801283836364746e-02,-7.494303584098815918e-02,1.756287552416324615e-02,6.513767689466476440e-02,6.321850419044494629e-02,9.995317459106445312e-02,1.774145476520061493e-02,-1.271592676639556885e-01,-1.260211616754531860e-01,1.242746263742446899e-01,2.065107673406600952e-01,-5.011456087231636047e-03,3.332703188061714172e-02,9.587074816226959229e-02,-3.244954394176602364e-03,6.623201072216033936e-02,1.055535022169351578e-02,-1.450763940811157227e-01,8.677621372044086456e-03,7.033653557300567627e-02,-2.526091411709785461e-02,4.957342892885208130e-02,3.262681141495704651e-02,-5.429394170641899109e-02,-2.538528479635715485e-02,2.621216699481010437e-02,-2.084401203319430351e-03,-5.027958378195762634e-02,5.613783746957778931e-02,-6.352169066667556763e-02,-1.069426238536834717e-01,-1.214546114206314087e-01,9.015428274869918823e-02,1.582706123590469360e-01,-2.034514397382736206e-02,9.988674521446228027e-02,8.753665536642074585e-02,-1.995858363807201385e-02,-1.333110481500625610e-01,-9.463684260845184326e-02,-5.742474645376205444e-02,-7.125161588191986084e-02,-4.732459411025047302e-02,-5.271755531430244446e-02,-1.342063695192337036e-01,-4.044714570045471191e-02,-1.023778133094310760e-02,2.754412824288010597e-03,1.215689908713102341e-02,-7.210963871330022812e-03,1.665260493755340576e-01,-1.254015415906906128e-01,7.944574207067489624e-02,4.513612762093544006e-02,1.660814136266708374e-02,3.790224716067314148e-02,-5.899559333920478821e-02,-1.114560887217521667e-01,2.087542563676834106e-01,1.549101769924163818e-01,9.202434867620468140e-02,1.196368038654327393e-01,-2.751186303794384003e-02,1.774410717189311981e-02,-1.669904217123985291e-02,1.093150302767753601e-02,-4.828524589538574219e-02,-7.274755835533142090e-02,-4.901607986539602280e-03,-6.371918134391307831e-03,1.714245527982711792e-01,1.845290325582027435e-02,-3.647523000836372375e-02,-9.564756602048873901e-02,-7.874731719493865967e-02,-6.382660567760467529e-02,6.883867830038070679e-02,3.899812325835227966e-02,-1.896520145237445831e-02,3.121836297214031219e-02,-5.566469207406044006e-02,-1.243604626506567001e-02,7.261296734213829041e-03,-2.574220299720764160e-02,-3.763637319207191467e-02,-1.117990352213382721e-02,-6.276941392570734024e-03,1.111452281475067139e-01,-2.849784120917320251e-02,-5.623560771346092224e-02,-2.369821071624755859e-02,-5.241885781288146973e-02,3.116087056696414948e-02,1.039598509669303894e-02,5.938032269477844238e-02,3.455022722482681274e-02,1.029490958899259567e-03,3.669654577970504761e-02,-2.373466826975345612e-02,-2.105690352618694305e-02,-2.508935891091823578e-02,2.859950438141822815e-02,9.625241160392761230e-02,1.481203944422304630e-03,-2.601852640509605408e-02,4.622610285878181458e-02,-1.306043714284896851e-01,-6.860177498310804367e-03,1.140106935054063797e-02,5.547112599015235901e-02,1.123464480042457581e-02,-8.452135324478149414e-02,4.823416098952293396e-02,2.048083096742630005e-01
5.858042091131210327e-02,3.793364018201828003e-02,1.278613358736038208e-01,-1.233242005109786987e-01,2.249576337635517120e-02,8.008203655481338501e-02,2.747448906302452087e-02,2.209443598985671997e-02,3.978550061583518982e-02,4.037214070558547974e-02,-1.017363294959068298e-01,-4.125582054257392883e-02,5.070324242115020752e-02,-7.563995569944381714e-02,1.683490164577960968e-02,-1.384247243404388428e-01,2.660641632974147797e-02,1.659757494926452637e-01,1.601724773645401001e-01,1.162420511245727539e-01,7.547072321176528931e-02,-6.554936617612838745e-02,-1.179733723402023315e-01,1.981884390115737915e-01,2.562779784202575684e-01,-4.971068724989891052e-02,7.088780403137207031e-03,-3.772130608558654785e-02,5.237829685211181641e-02,-6.826848536729812622e-02,-9.775890409946441650e-02,-7.239611446857452393e-02,-5.987899377942085266e-03,-5.518274754285812378e-02,5.094651877880096436e-02,1.335237175226211548e-01,4.823818057775497437e-02,-6.752534955739974976e-02,-3.408999741077423096e-02,5.679597333073616028e-02,1.300955843180418015e-02,-4.833898507058620453e-03,1.654220744967460632e-02,-3.218206390738487244e-02,-1.371144503355026245e-01,-2.164131253957748413e-01,1.227799803018569946e-02,1.105537414550781250e-01,-1.528352592140436172e-02,8.787677437067031860e-02,4.360465332865715027e-02,-1.568104177713394165e-01,-1.098811253905296326e-01,-4.084560275077819824e-02,-5.653390660881996155e-02,-6.831793487071990967e-02,-1.078013107180595398e-01,-4.333962500095367432e-02,-8.065910637378692627e-02,-1.836531423032283783e-02,9.272845461964607239e-03,-1.622414961457252502e-02,8.826894313097000122e-02,6.819402426481246948e-02,2.074927240610122681e-01,-2.309987135231494904e-02,1.148251593112945557e-01,5.544141680002212524e-02,-2.904236316680908203e-04,8.262200653553009033e-02,-3.528038784861564636e-02,-3.807050362229347229e-02,2.282590866088867188e-01,9.677753597497940063e-02,4.844636470079421997e-02,1.421482861042022705e-01,-4.487038403749465942e-02,3.300555050373077393e-02,-4.152991995215415955e-02,4.680629074573516846e-02,-6.501419097185134888e-02,2.736382372677326202e-02,9.946436434984207153e-02,5.258467048406600952e-02,1.285760551691055298e-01,7.412334531545639038e-02,4.214946646243333817e-03,7.438491564244031906e-03,-1.712512224912643433e-02,-4.820612445473670959e-02,1.782718002796173096e-01,1.339201927185058594e-01,-4.152239486575126648e-02,2.329231984913349152e-02,-3.513697534799575806e-02,-3.240275755524635315e-02,8.772938698530197144e-02,4.812055453658103943e-02,9.023640304803848267e-02,-1.419028788805007935e-01,-3.521528840065002441e-02,7.860372960567474365e-02,1.152389775961637497e-02,1.656947890296578407e-03,-4.863180592656135559e-02,-7.292417436838150024e-02,1.928423903882503510e-02,5.113482475280761719e-02,5.956026166677474976e-02,4.038451611995697021e-02,4.555505514144897461e-02,1.290633231401443481e-01,-2.783738076686859131e-03,2.808663249015808105e-02,1.221001148223876953e-04,2.776668779551982880e-02,-2.957946807146072388e-02,-1.569472812116146088e-02,-2.026551403105258942e-02,3.080429695546627045e-02,-1.646539121866226196e-01,1.200969703495502472e-02,5.737246200442314148e-02,3.357137367129325867e-02,-5.163310840725898743e-02,-1.696656048297882080e-01,-3.058254346251487732e-02,2.008808106184005737e-01
3.875497728586196899e-02,1.551550999283790588e-02,6.683672219514846802e-02,-1.377740502357482910e-01,1.179844662547111511e-01,1.429591327905654907e-01,-1.290747243911027908e-02,-2.528086677193641663e-02,3.420293331146240234e-02,5.698232352733612061e-02,-1.153902933001518250e-01,-4.740565270185470581e-02,5.966146290302276611e-02,-2.552920719608664513e-03,1.822618208825588226e-02,-8.303746581077575684e-02,9.287922084331512451e-02,9.882479161024093628e-02,1.075236275792121887e-01,1.482557952404022217e-01,6.839701533317565918e-02,-6.561891734600067139e-02,-7.311596721410751343e-02,1.720541119575500488e-01,2.331834733486175537e-01,5.246534198522567749e-02,6.401389092206954956e-02,-6.851296406239271164e-03,-1.633218489587306976e-02,1.007689628750085831e-02,1.967935636639595032e-02,-9.876017272472381592e-02,-2.909851633012294769e-02,-4.993067681789398193e-02,-9.947061538696289062e-02,6.672679632902145386e-02,8.369457721710205078e-02,-4.807086661458015442e-02,1.265550591051578522e-02,2.917573042213916779e-02,5.833352357149124146e-02,-5.558790173381567001e-03,-1.269001048058271408e-02,-7.110147271305322647e-03,-1.782958209514617920e-02,-9.472535550594329834e-02,8.812050521373748779e-02,9.147392958402633667e-02,-1.703166030347347260e-02,9.523598104715347290e-02,1.219128817319869995e-01,-5.500866845250129700e-02,-1.009167954325675964e-01,-5.312633141875267029e-02,-8.380320668220520020e-02,-1.506145894527435303e-01,-9.722258150577545166e-02,-6.238112971186637878e-02,-1.598218977451324463e-01,3.628534451127052307e-02,3.550100699067115784e-02,-3.273535054177045822e-03,-1.365087926387786865e-02,4.603157937526702881e-02,2.181289345026016235e-01,-7.425545156002044678e-02,1.125396862626075745e-01,1.177898421883583069e-01,5.327786132693290710e-02,1.486852318048477173e-01,2.748437412083148956e-02,-6.242753192782402039e-02,2.322793155908584595e-01,1.589543819427490234e-01,9.294513612985610962e-02,1.519574522972106934e-01,-3.949883207678794861e-02,5.546387657523155212e-02,3.963109850883483887e-02,5.501244217157363892e-02,-4.529229924082756042e-02,-5.814491957426071167e-02,-3.780674422159790993e-03,-1.903729885816574097e-02,5.435319989919662476e-02,2.726501785218715668e-02,4.883537441492080688e-02,4.063494876027107239e-02,-4.322197288274765015e-02,-2.803922444581985474e-02,1.753785908222198486e-01,9.200650453567504883e-02,-9.161828458309173584e-02,4.715970531105995178e-02,2.513945661485195160e-02,2.317588217556476593e-02,6.852645426988601685e-02,4.481018334627151489e-02,7.985801994800567627e-02,-1.066797003149986267e-01,-6.158703565597534180e-02,1.013911440968513489e-01,-5.213393270969390869e-02,-3.384110704064369202e-02,4.613174125552177429e-02,-6.332734972238540649e-02,6.264527142047882080e-02,2.534880302846431732e-02,1.575262099504470825e-02,5.153907928615808487e-03,-6.944424659013748169e-02,-8.947520516812801361e-03,-1.671661809086799622e-02,-1.784525439143180847e-02,-6.015883758664131165e-03,6.903645396232604980e-02,7.973749935626983643e-02,5.180157721042633057e-02,-6.277514994144439697e-02,3.451754525303840637e-02,-1.622767746448516846e-01,2.754643745720386505e-02,7.186757028102874756e-02,2.331817150115966797e-02,-8.530257642269134521e-02,-1.484283506870269775e-01,-5.323538091033697128e-03,1.651537865400314331e-01
9.063600003719329834e-02,3.826887533068656921e-02,1.100085824728012085e-01,-2.175312787294387817e-01,1.303973644971847534e-01,2.205493450164794922e-01,1.986828818917274475e-02,-5.564442649483680725e-02,-3.935374692082405090e-02,1.392393466085195541e-02,-1.596273630857467651e-01,-5.614086613059043884e-02,3.114044666290283203e-04,-1.729843206703662872e-02,1.985020563006401062e-02,-9.038839489221572876e-02,4.489584267139434814e-02,9.182703495025634766e-02,7.385969907045364380e-02,7.590476423501968384e-02,3.008988685905933380e-02,-8.799864351749420166e-02,-5.186812952160835266e-02,1.978745907545089722e-01,2.300999909639358521e-01,1.505791395902633667e-02,4.471390694379806519e-02,2.257231622934341431e-02,5.494443699717521667e-02,1.483998820185661316e-02,2.857642620801925659e-02,-1.268808692693710327e-01,3.064039349555969238e-02,1.148766279220581055e-02,-1.079818010330200195e-01,4.479748383164405823e-02,4.814879968762397766e-02,-9.790105372667312622e-02,1.215925347059965134e-02,3.354324027895927429e-02,1.750556635670363903e-03,2.815282903611660004e-02,2.816506847739219666e-02,3.451334312558174133e-02,4.347413033246994019e-02,-7.061693817377090454e-02,8.249516785144805908e-02,8.182881772518157959e-02,1.169896218925714493e-02,1.123644337058067322e-01,1.004324033856391907e-01,-3.877539187669754028e-02,-1.070396378636360168e-01,-2.020078338682651520e-02,-1.012555789202451706e-02,-1.238285377621650696e-01,-8.529151976108551025e-02,-1.039326488971710205e-01,-2.109688222408294678e-01,-5.510148778557777405e-02,-2.522850409150123596e-03,-2.541936002671718597e-02,-6.189087405800819397e-03,-5.020814016461372375e-03,1.688944995403289795e-01,-5.529702082276344299e-02,7.766586542129516602e-02,7.630299776792526245e-02,7.410611957311630249e-02,1.233937740325927734e-01,2.645232714712619781e-02,-1.091245412826538086e-01,2.334970682859420776e-01,1.224818825721740723e-01,1.473453491926193237e-01,1.537244766950607300e-01,-2.412211522459983826e-02,6.822647899389266968e-02,-2.057741582393646240e-02,1.400656253099441528e-02,-2.986079454421997070e-02,-3.481246903538703918e-02,1.040543243288993835e-02,-5.999671295285224915e-03,1.016626134514808655e-01,-7.514811307191848755e-02,3.414658457040786743e-02,-1.002081297338008881e-02,-9.993845969438552856e-02,-8.354230783879756927e-03,1.395983695983886719e-01,6.754285097122192383e-02,-9.555794298648834229e-02,9.569844603538513184e-02,-3.729832125827670097e-03,3.109983541071414948e-02,5.165308341383934021e-02,3.679752722382545471e-02,5.211151763796806335e-02,-7.581179589033126831e-02,-8.301562815904617310e-02,1.083885803818702698e-01,2.768264897167682648e-02,2.461171336472034454e-02,2.862112224102020264e-02,-5.718001350760459900e-02,6.950736045837402344e-02,3.698839247226715088e-02,5.202583223581314087e-02,7.348178327083587646e-02,-6.085044518113136292e-02,-1.916096359491348267e-02,2.972269244492053986e-02,3.465610742568969727e-02,-2.460462786257266998e-02,-9.253922849893569946e-03,9.927603602409362793e-02,1.008315980434417725e-01,-4.305681958794593811e-02,1.982077583670616150e-02,-1.542261391878128052e-01,1.495836675167083740e-02,7.725791633129119873e-02,9.693498723208904266e-04,-1.181151568889617920e-01,-1.950605809688568115e-01,-1.038342132233083248e-03,1.834576576948165894e-01
-4.937727004289627075e-02,8.012629114091396332e-03,8.569217473268508911e-02,-8.858190476894378662e-02,6.177752092480659485e-02,1.093036234378814697e-01,-3.128079697489738464e-02,-2.116521820425987244e-02,9.315908700227737427e-02,1.253694016486406326e-02,-5.050092935562133789e-02,-2.537307329475879669e-02,2.008951269090175629e-02,-6.064889580011367798e-02,9.633281081914901733e-02,-8.285319060087203979e-02,2.557762712240219116e-02,9.910479187965393066e-02,-1.619691960513591766e-02,4.500579833984375000e-02,1.619694987311959267e-03,-1.387099623680114746e-01,-7.752594351768493652e-02,1.459934115409851074e-01,2.166626155376434326e-01,4.015906900167465210e-02,-3.100441023707389832e-02,-2.749584848061203957e-03,5.188756436109542847e-02,4.938854277133941650e-02,1.367972139269113541e-02,-1.372625082731246948e-01,3.636171668767929077e-02,-1.957994513213634491e-02,-2.268765307962894440e-02,9.234131872653961182e-02,9.656561166048049927e-02,-7.577691227197647095e-03,8.534342981874942780e-03,4.919476062059402466e-02,2.098258212208747864e-02,7.375290989875793457e-02,8.939976990222930908e-02,2.660992741584777832e-02,-7.791009545326232910e-02,-1.886986941099166870e-02,8.388124406337738037e-02,1.594548523426055908e-01,-4.831203445792198181e-02,6.416516751050949097e-02,5.106482282280921936e-02,-4.937180131673812866e-02,-6.787412613630294800e-02,-9.359713876619935036e-04,1.452370546758174896e-02,-1.631663367152214050e-02,-1.077486202120780945e-01,-4.696933552622795105e-02,-1.266082674264907837e-01,-3.620414808392524719e-02,-3.917496651411056519e-02,-1.026579365134239197e-02,6.718719750642776489e-02,9.188247472047805786e-02,2.479278296232223511e-01,-6.439796835184097290e-02,9.095338732004165649e-02,4.076913371682167053e-02,-7.225118577480316162e-03,2.199869975447654724e-02,-3.191039711236953735e-02,-2.670111879706382751e-02,2.006990909576416016e-01,1.259546130895614624e-01,2.694812044501304626e-02,1.176667585968971252e-01,4.365034401416778564e-02,6.086122244596481323e-02,-5.819834768772125244e-02,8.213093876838684082e-02,-8.778899908065795898e-02,-3.037027828395366669e-02,-6.621056050062179565e-02,1.603993028402328491e-02,1.995403170585632324e-01,9.705717861652374268e-02,-3.250067681074142456e-02,3.583296760916709900e-02,-6.877508014440536499e-02,3.896530345082283020e-02,1.109904348850250244e-01,5.832051113247871399e-02,-8.256322145462036133e-02,2.966373786330223083e-02,-5.420619994401931763e-02,-2.662985399365425110e-02,5.876770615577697754e-02,3.133518993854522705e-02,3.349847346544265747e-02,-1.154711842536926270e-01,-1.875260844826698303e-02,1.063210740685462952e-01,-2.763077057898044586e-02,1.208061724901199341e-02,-2.757907472550868988e-02,-5.555874481797218323e-02,6.852846592664718628e-03,-1.354605425149202347e-02,3.273211047053337097e-02,1.030822657048702240e-02,-6.301546841859817505e-02,1.431456673890352249e-02,-3.798878937959671021e-02,-4.736351594328880310e-02,1.776895672082901001e-02,4.224746301770210266e-02,1.509783975780010223e-02,2.049039863049983978e-02,8.674968965351581573e-03,5.283518135547637939e-02,-1.271293014287948608e-01,-4.813156556338071823e-03,5.379538238048553467e-02,4.638731479644775391e-02,1.033969502896070480e-02,-1.604801714420318604e-01,2.932303212583065033e-02,1.857063323259353638e-01
-2.121609821915626526e-02,-4.766669124364852905e-02,1.225517168641090393e-01,-1.765321940183639526e-01,5.436035990715026855e-02,1.707625836133956909e-01,-1.548541802912950516e-02,-7.036594301462173462e-02,1.798819936811923981e-02,5.370691046118736267e-02,-4.517707973718643188e-02,2.244098298251628876e-02,6.599826365709304810e-02,-6.634245067834854126e-02,3.442526608705520630e-02,-1.678438484668731689e-01,3.606223687529563904e-02,1.054058596491813660e-01,3.171854466199874878e-02,7.101238518953323364e-02,5.674045532941818237e-02,-4.037199169397354126e-02,-4.708920046687126160e-02,1.329634487628936768e-01,2.503583729267120361e-01,5.755172297358512878e-02,2.146122977137565613e-02,-7.244458049535751343e-02,-6.092640012502670288e-02,2.021981775760650635e-02,-1.318843103945255280e-02,-1.036745905876159668e-01,8.318658173084259033e-02,-5.975711159408092499e-03,-7.636497914791107178e-02,9.143824875354766846e-02,7.930052280426025391e-02,-1.252524256706237793e-01,5.470284074544906616e-02,1.142556443810462952e-01,3.269201144576072693e-02,4.760437645018100739e-03,4.766250029206275940e-02,-1.325946673750877380e-02,-2.737919054925441742e-02,-1.177101805806159973e-01,1.144989728927612305e-01,1.188025400042533875e-01,1.118636969476938248e-02,8.861493319272994995e-02,7.626672834157943726e-02,-1.084770336747169495e-01,-2.529840916395187378e-02,1.529043726623058319e-02,-6.705006957054138184e-02,-1.242843195796012878e-01,-1.735074669122695923e-01,-9.941486269235610962e-02,-2.038639336824417114e-01,-5.424654856324195862e-02,7.718201261013746262e-03,3.923995420336723328e-02,3.516570478677749634e-02,1.070614457130432129e-01,1.664734929800033569e-01,-4.269092157483100891e-02,9.054718166589736938e-02,8.840712904930114746e-02,-2.268258668482303619e-02,7.731873542070388794e-02,-3.010920993983745575e-02,-6.306154280900955200e-02,2.256250381469726562e-01,1.016076281666755676e-01,8.511503785848617554e-02,1.447123438119888306e-01,-9.941518306732177734e-03,8.379216492176055908e-02,-1.981496438384056091e-02,3.983245417475700378e-02,-3.867097198963165283e-02,-1.050165295600891113e-02,4.564621672034263611e-02,1.554488949477672577e-02,9.809470176696777344e-02,2.289577387273311615e-02,-2.176825888454914093e-02,2.995101176202297211e-02,-2.884177677333354950e-02,-1.175069250166416168e-02,1.595063954591751099e-01,7.665340602397918701e-02,-1.531344000250101089e-02,2.935069985687732697e-02,-5.903234239667654037e-03,-2.762416191399097443e-02,9.078834950923919678e-02,1.237686816602945328e-02,6.048207730054855347e-02,-1.420907825231552124e-01,-5.893838778138160706e-02,5.709757655858993530e-02,-3.653246536850929260e-02,9.757535532116889954e-03,6.237216293811798096e-03,2.997912093997001648e-02,5.140905454754829407e-02,-5.503806285560131073e-03,6.921109557151794434e-02,3.574676811695098877e-02,-3.316955268383026123e-02,3.012383170425891876e-02,-1.154687069356441498e-02,1.963922940194606781e-02,-3.972568549215793610e-03,8.416367322206497192e-02,5.559674277901649475e-02,-1.433536503463983536e-02,-6.327988952398300171e-02,3.230766579508781433e-02,-1.344911456108093262e-01,-5.633263848721981049e-03,6.808486580848693848e-02,6.824465841054916382e-02,-1.899952255189418793e-02,-1.766250580549240112e-01,7.591786980628967285e-02,1.826720982789993286e-01
