3.264592587947845459e-02,3.314144909381866455e-02,4.731713852379471064e-04,-7.462128251791000366e-02,4.532929882407188416e-02,5.712823197245597839e-02,-6.542291026562452316e-03,2.736230753362178802e-02,2.916810475289821625e-02,1.442222739569842815e-03,-1.557828951627016068e-02,-4.913379438221454620e-03,-2.624826319515705109e-02,-3.735673613846302032e-03,6.891259551048278809e-02,-7.559173554182052612e-02,-6.629875861108303070e-03,3.763524070382118225e-02,2.365365251898765564e-02,-5.334057845175266266e-03,2.569184266030788422e-02,-2.671118825674057007e-02,-4.093610867857933044e-02,8.818035572767257690e-02,7.214204221963882446e-02,1.894771680235862732e-02,-3.547642007470130920e-02,-1.004099380224943161e-03,-3.286056965589523315e-02,-9.526529349386692047e-03,-2.645963104441761971e-03,-7.726614922285079956e-02,8.069398812949657440e-03,2.985495701432228088e-02,-5.050869286060333252e-02,3.912238776683807373e-02,-2.985229948535561562e-03,-1.028769556432962418e-02,-7.089197169989347458e-03,2.504682913422584534e-02,1.423745183274149895e-03,-4.947936534881591797e-02,-4.811493307352066040e-02,-1.599637046456336975e-02,-3.701809048652648926e-02,-4.608175158500671387e-02,5.458639189600944519e-02,6.413044035434722900e-02,-2.554260008037090302e-02,2.735909074544906616e-02,6.509956438094377518e-03,-5.387139692902565002e-02,-3.124432638287544250e-02,2.774819359183311462e-02,-2.489368058741092682e-02,-4.881576076149940491e-02,-6.871336698532104492e-02,-4.338147491216659546e-02,-8.570244908332824707e-02,-4.125174880027770996e-02,-2.729455567896366119e-02,-3.796947374939918518e-02,2.771615982055664062e-04,9.724457748234272003e-03,7.543741911649703979e-02,1.119566801935434341e-02,5.263802036643028259e-02,8.368266746401786804e-03,2.775319665670394897e-02,7.462984323501586914e-02,-6.773963570594787598e-03,-1.444471534341573715e-02,4.399649053812026978e-02,6.405906379222869873e-02,1.851814612746238708e-02,4.390618577599525452e-02,-1.651935279369354248e-02,1.625677570700645447e-02,2.253424748778343201e-02,1.555138546973466873e-02,-6.834846921265125275e-03,-5.642642080783843994e-02,-1.769611239433288574e-02,-1.588955707848072052e-02,5.676674470305442810e-02,1.088611874729394913e-02,-2.147103101015090942e-02,-4.941522493027150631e-04,-5.138168856501579285e-02,-1.847700215876102448e-02,5.956972762942314148e-02,5.013585463166236877e-02,-7.118371780961751938e-03,7.309785485267639160e-02,-8.172508329153060913e-03,-6.898555904626846313e-02,2.890225499868392944e-02,4.030194878578186035e-02,8.757391571998596191e-02,3.682618960738182068e-02,-2.713130041956901550e-02,-2.532845921814441681e-02,2.610805071890354156e-02,-2.335704490542411804e-02,4.913075268268585205e-02,3.182385116815567017e-02,4.958175122737884521e-02,1.050746440887451172e-02,2.298617362976074219e-02,6.193815497681498528e-04,2.388359420001506805e-02,-3.842036472633481026e-03,-1.687733572907745838e-03,-5.388114228844642639e-02,1.806599088013172150e-02,7.933598011732101440e-03,1.691197603940963745e-02,-3.630930557847023010e-02,4.676307085901498795e-03,4.125386103987693787e-02,-7.273874431848526001e-02,2.679749019443988800e-02,-1.705206930637359619e-02,3.225583955645561218e-02,9.716233238577842712e-03,-9.368684142827987671e-02,2.294822782278060913e-02,1.070536151528358459e-01
1.739671826362609863e-02,4.444006457924842834e-02,1.548547744750976562e-01,-1.620096415281295776e-01,-7.310633361339569092e-02,1.342024952173233032e-01,-5.492945760488510132e-02,-3.231243416666984558e-02,-1.543991919606924057e-02,-2.514913678169250488e-02,-8.024779707193374634e-02,-8.276593685150146484e-02,1.041538547724485397e-02,-9.558575600385665894e-02,1.306283026933670044e-01,-1.936024278402328491e-01,-1.251419186592102051e-01,1.088645979762077332e-01,1.252597570419311523e-02,1.068484708666801453e-01,6.492130458354949951e-02,-4.893013089895248413e-02,-1.122852638363838196e-01,2.024494707584381104e-01,2.317945510149002075e-01,7.594814896583557129e-02,-5.331620201468467712e-02,-1.295271515846252441e-01,5.480255559086799622e-02,4.023970291018486023e-02,2.985040284693241119e-02,-1.535343825817108154e-01,1.119927242398262024e-01,2.639449201524257660e-02,5.414953455328941345e-02,1.671478152275085449e-01,1.712435483932495117e-01,1.174854766577482224e-02,1.048833504319190979e-01,1.069721505045890808e-01,-8.393387310206890106e-03,-1.147657185792922974e-01,-3.409484773874282837e-02,8.947490714490413666e-03,2.149244770407676697e-02,-1.759117990732192993e-01,4.090971499681472778e-02,1.530287265777587891e-01,3.765208646655082703e-02,9.841574728488922119e-02,3.097433783113956451e-02,-3.029209189116954803e-02,6.606422830373048782e-03,2.560514770448207855e-02,-9.592743963003158569e-02,-1.695483177900314331e-01,-1.450514793395996094e-01,-8.775692433118820190e-02,-8.015683293342590332e-02,2.800098620355129242e-02,5.323310941457748413e-02,-1.155485883355140686e-01,-1.482622325420379639e-02,1.371349841356277466e-01,1.765505522489547729e-01,2.145227277651429176e-03,3.111755102872848511e-02,5.481239408254623413e-02,-3.623760491609573364e-02,4.712253808975219727e-02,-1.719480939209461212e-02,3.721600398421287537e-02,2.083893269300460815e-01,5.937447398900985718e-02,7.128564175218343735e-03,3.578647598624229431e-02,2.634540945291519165e-02,7.358837872743606567e-02,-9.266202151775360107e-02,1.104449946433305740e-02,-7.507342845201492310e-02,5.899421498179435730e-02,-6.717580370604991913e-03,6.958159059286117554e-02,1.391937881708145142e-01,9.957981854677200317e-02,7.436020672321319580e-02,-4.800801351666450500e-02,9.479654952883720398e-03,-4.075607657432556152e-02,7.624252140522003174e-02,1.251523196697235107e-01,-1.334912702441215515e-02,2.380413003265857697e-02,-1.786494813859462738e-02,-9.531383216381072998e-02,1.241428405046463013e-01,1.564831584692001343e-01,-1.403867150656878948e-03,-7.075883448123931885e-02,8.746400475502014160e-03,1.003880798816680908e-01,-7.551434636116027832e-02,3.405397757887840271e-02,8.304948359727859497e-02,-3.315562009811401367e-02,5.256538838148117065e-02,-2.775125205516815186e-03,-9.964075870811939240e-03,-7.282247301191091537e-03,4.502679407596588135e-02,7.527564465999603271e-02,-4.647013545036315918e-02,2.133849821984767914e-02,-8.950768969953060150e-03,1.487643569707870483e-01,-3.407552838325500488e-02,-3.634376451373100281e-02,-3.117337450385093689e-02,8.691452443599700928e-02,-1.431950181722640991e-01,7.169832289218902588e-02,5.640877783298492432e-02,4.955773428082466125e-02,-1.742478646337985992e-02,-1.425216794013977051e-01,-4.330585896968841553e-02,1.702857911586761475e-01
3.353746607899665833e-02,6.735848262906074524e-03,1.347970366477966309e-01,-1.961407363414764404e-01,3.852197155356407166e-02,1.629487127065658569e-01,-1.185011640191078186e-01,-9.647528082132339478e-02,1.140160486102104187e-02,6.527516245841979980e-02,-1.375667005777359009e-01,-1.045016348361968994e-01,-6.999304890632629395e-02,-5.677429959177970886e-03,4.001636803150177002e-02,-1.962073892354965210e-01,3.550925105810165405e-02,8.086141943931579590e-02,5.597474053502082825e-02,7.082803547382354736e-02,9.338331967592239380e-02,-6.205830723047256470e-02,-5.477126687765121460e-02,1.535796970129013062e-01,2.312227189540863037e-01,6.610564887523651123e-03,3.522636741399765015e-02,-1.989512294530868530e-01,2.437662705779075623e-02,5.244982987642288208e-02,-1.889421045780181885e-02,-1.430026292800903320e-01,3.092821873724460602e-02,-1.439317036420106888e-02,-3.807553276419639587e-02,1.273973584175109863e-01,8.026136457920074463e-02,-4.469364415854215622e-03,7.652440667152404785e-02,1.353340595960617065e-01,8.120460808277130127e-02,-4.546747356653213501e-02,-1.820470206439495087e-02,2.941605634987354279e-02,-7.969776540994644165e-02,-1.152999997138977051e-01,4.285519197583198547e-02,1.374948918819427490e-01,7.875155657529830933e-02,1.177917197346687317e-01,1.116491034626960754e-01,-4.778509587049484253e-02,-9.717091917991638184e-02,-5.560459103435277939e-03,-1.011745259165763855e-02,-4.255896061658859253e-02,-1.025989130139350891e-01,-8.053012192249298096e-02,-1.220658347010612488e-01,1.744122989475727081e-02,4.415482282638549805e-02,3.504848480224609375e-02,-6.425649859011173248e-03,1.007861867547035217e-01,1.887262314558029175e-01,-4.547158256173133850e-02,4.629910737276077271e-02,1.560774594545364380e-01,1.104389205574989319e-01,1.405522674322128296e-01,3.611003980040550232e-02,-1.958518847823143005e-02,2.555884122848510742e-01,1.459524780511856079e-01,4.465055465698242188e-02,9.842573106288909912e-02,3.713056072592735291e-02,8.664441853761672974e-02,-6.246614828705787659e-02,-1.400298625230789185e-02,2.554766274988651276e-02,9.599785506725311279e-02,1.061235647648572922e-02,2.284704148769378662e-02,-1.847673580050468445e-02,9.137866646051406860e-02,-3.281722590327262878e-02,-3.969376534223556519e-02,-1.207167655229568481e-02,5.957944318652153015e-02,1.944127678871154785e-01,1.272969394922256470e-01,-7.693525869399309158e-03,5.924576148390769958e-02,-6.485767662525177002e-02,-1.021655723452568054e-01,8.537347614765167236e-02,1.026175990700721741e-01,1.005110964179039001e-01,-1.586713939905166626e-01,-5.627666786313056946e-02,1.102537512779235840e-01,-1.320010982453823090e-02,6.414118409156799316e-02,1.321408618241548538e-02,-1.071628555655479431e-01,5.410110205411911011e-02,3.533020615577697754e-03,1.152374874800443649e-02,-1.262132730334997177e-02,-1.795736723579466343e-03,6.284060329198837280e-02,-5.071923602372407913e-03,5.306700710207223892e-03,-9.278863668441772461e-02,1.316338330507278442e-01,-5.865989369340240955e-04,5.835049320012331009e-03,-6.265613436698913574e-02,1.310572475194931030e-01,-9.645510464906692505e-02,2.136101946234703064e-02,8.394806832075119019e-02,4.695842042565345764e-02,-1.474165767431259155e-01,-1.760072410106658936e-01,6.911484897136688232e-02,1.610690355300903320e-01
3.680017217993736267e-02,2.727216109633445740e-02,9.794675558805465698e-02,-1.516246795654296875e-01,-1.960696652531623840e-02,1.493371725082397461e-01,-4.301228746771812439e-02,-5.414617434144020081e-02,-4.447822272777557373e-02,2.776144631206989288e-02,-3.963006287813186646e-02,-7.129836827516555786e-02,1.311164256185293198e-02,-4.621242359280586243e-02,1.056792587041854858e-01,-1.669057011604309082e-01,5.082145798951387405e-03,6.804772466421127319e-02,-1.421945728361606598e-02,5.570081621408462524e-02,6.862458586692810059e-02,-5.249440670013427734e-02,-8.645446598529815674e-02,2.079962193965911865e-01,2.327518016099929810e-01,8.814527839422225952e-02,2.192637324333190918e-02,-1.323880404233932495e-01,-5.408918950706720352e-03,6.779304891824722290e-02,4.023125022649765015e-02,-1.342268288135528564e-01,1.437320560216903687e-02,-4.314126912504434586e-03,6.603621412068605423e-03,1.433348804712295532e-01,1.096980124711990356e-01,-5.133434198796749115e-03,7.482657581567764282e-02,9.284597635269165039e-02,-2.402322739362716675e-02,-3.613224253058433533e-02,2.688269317150115967e-02,3.526964411139488220e-02,-3.508587181568145752e-02,-1.458423882722854614e-01,3.042643517255783081e-02,1.365639418363571167e-01,6.652300804853439331e-02,9.522958099842071533e-02,6.083179265260696411e-02,-1.524073909968137741e-02,-6.655827164649963379e-02,-8.768435800448060036e-04,-1.263449788093566895e-01,-1.162693426012992859e-01,-7.949236780405044556e-02,-5.831026658415794373e-02,-1.089043617248535156e-01,2.706760168075561523e-02,3.995918110013008118e-02,-1.884862966835498810e-02,-3.225612686946988106e-03,1.387926787137985229e-01,1.903999149799346924e-01,-8.396650850772857666e-02,1.107656061649322510e-01,1.379911154508590698e-01,4.558045789599418640e-02,5.989415571093559265e-02,1.003622543066740036e-03,2.906373701989650726e-03,2.230571508407592773e-01,6.127802282571792603e-02,2.360298670828342438e-02,6.358446180820465088e-02,-2.493928000330924988e-02,5.444595962762832642e-02,-4.416739940643310547e-02,-4.502653144299983978e-03,-7.751271128654479980e-02,2.395410090684890747e-02,-3.793078660964965820e-02,2.585106762126088142e-03,5.296178162097930908e-02,8.295185118913650513e-02,6.908568739891052246e-02,-4.503218084573745728e-02,-3.379169106483459473e-02,2.495492342859506607e-03,1.832730025053024292e-01,1.727445274591445923e-01,-1.201824937015771866e-02,1.710605435073375702e-02,-2.883150242269039154e-02,-1.010790914297103882e-01,1.354975104331970215e-01,1.344571560621261597e-01,9.490324556827545166e-02,-1.642377972602844238e-01,3.429363667964935303e-02,1.173264011740684509e-01,-6.233264878392219543e-02,6.921041011810302734e-02,6.686959415674209595e-02,-4.355566948652267456e-02,1.028600260615348816e-01,5.364885181188583374e-02,2.077904064208269119e-03,-2.561604417860507965e-02,3.882377594709396362e-02,1.094876900315284729e-01,-2.635041624307632446e-02,3.438978642225265503e-02,-4.356598854064941406e-02,1.680467724800109863e-01,2.080664597451686859e-02,1.202566921710968018e-02,-3.130000084638595581e-02,9.254529327154159546e-02,-1.778054088354110718e-01,3.873759880661964417e-02,6.448771804571151733e-02,3.965144976973533630e-02,-8.061007410287857056e-02,-1.476649791002273560e-01,6.491599604487419128e-03,1.847421973943710327e-01
5.624472629278898239e-03,1.009449958801269531e-01,1.265544295310974121e-01,-1.910856813192367554e-01,4.687325656414031982e-02,1.233292818069458008e-01,-3.965817764401435852e-02,-1.078158034943044186e-03,7.024500053375959396e-03,8.010768145322799683e-02,-1.490428857505321503e-02,2.213891036808490753e-02,2.921512350440025330e-02,-6.997739523649215698e-02,-3.968799114227294922e-02,-1.505940556526184082e-01,9.168583899736404419e-02,1.076222956180572510e-01,5.608879029750823975e-02,1.133556440472602844e-01,5.768040195107460022e-02,-6.212594360113143921e-02,-7.590118050575256348e-02,1.528395414352416992e-01,1.709641963243484497e-01,-2.241935580968856812e-03,8.010320365428924561e-02,-2.063282392919063568e-02,3.491584956645965576e-02,9.155732579529285431e-03,-1.226891018450260162e-02,-1.446367204189300537e-01,2.028023079037666321e-02,-3.732942417263984680e-02,-1.457048580050468445e-02,1.063043922185897827e-01,5.068309232592582703e-02,-6.113123148679733276e-02,3.871819749474525452e-02,5.996700003743171692e-02,1.638173311948776245e-02,-1.053446158766746521e-02,-3.899728506803512573e-02,2.205794677138328552e-02,-5.596807971596717834e-02,2.352390624582767487e-02,1.731679886579513550e-01,1.198822259902954102e-01,6.953515112400054932e-02,9.701456874608993530e-02,1.005958095192909241e-01,-3.036596253514289856e-02,-1.112712323665618896e-01,-1.300014276057481766e-02,-8.045610040426254272e-02,-7.948516309261322021e-02,-3.669628128409385681e-02,-1.489972881972789764e-02,-1.504909396171569824e-01,-1.636424474418163300e-02,2.621969953179359436e-02,-1.762060215696692467e-03,-6.958897411823272705e-02,6.167756393551826477e-02,1.661078333854675293e-01,-4.255187883973121643e-02,7.966586947441101074e-02,1.195840984582901001e-01,2.609902527183294296e-03,1.041588708758354187e-01,5.756476521492004395e-02,-9.844809770584106445e-02,1.782478541135787964e-01,9.484715014696121216e-02,9.428305178880691528e-02,1.179048568010330200e-01,-4.146641120314598083e-03,8.796320855617523193e-02,-4.207750409841537476e-02,-8.439816534519195557e-03,-3.216494619846343994e-02,-3.216345980763435364e-02,-1.174105256795883179e-01,-7.041182368993759155e-02,-2.263918891549110413e-02,1.634693518280982971e-02,-3.095325827598571777e-02,-2.741813659667968750e-05,-9.297559410333633423e-02,3.601402416825294495e-02,2.124528437852859497e-01,1.145533323287963867e-01,-7.866764068603515625e-02,2.112321741878986359e-02,-7.402345538139343262e-02,-2.639565244317054749e-02,1.179681718349456787e-01,1.023925989866256714e-01,6.969719380140304565e-02,-1.664965003728866577e-01,-3.661841899156570435e-02,1.317011266946792603e-01,-2.802275493741035461e-02,9.303244203329086304e-02,5.101779848337173462e-02,-7.238090783357620239e-02,1.290758252143859863e-01,7.738114893436431885e-02,3.257346525788307190e-02,-3.297763643786311150e-03,-7.851045578718185425e-02,-1.019344106316566467e-02,5.536022596061229706e-03,-1.252680202014744282e-03,-6.537692248821258545e-02,1.032272726297378540e-01,2.812748774886131287e-02,3.639252111315727234e-02,-9.736993908882141113e-02,8.830573409795761108e-02,-1.022621318697929382e-01,6.896010041236877441e-02,1.112391576170921326e-01,7.542873173952102661e-02,-4.933341965079307556e-02,-1.227680221199989319e-01,2.117361873388290405e-02,1.615647524595260620e-01
3.898675367236137390e-02,7.403948903083801270e-02,8.626379072666168213e-02,-1.604271680116653442e-01,6.234093755483627319e-02,1.227351874113082886e-01,-8.491002768278121948e-02,-8.882065862417221069e-02,-7.391806691884994507e-02,-2.512221038341522217e-02,-8.938425034284591675e-02,-1.359703242778778076e-01,-7.138670980930328369e-02,-7.918119430541992188e-02,6.401679664850234985e-02,-1.664196103811264038e-01,-4.261589422821998596e-02,9.507090598344802856e-02,-1.384780555963516235e-02,8.670832216739654541e-02,8.770708739757537842e-02,-5.787747725844383240e-02,-7.720936089754104614e-02,1.796307712793350220e-01,2.223288565874099731e-01,4.770826548337936401e-02,1.270359940826892853e-02,-1.219766512513160706e-01,6.126475334167480469e-02,6.180605664849281311e-02,4.541854932904243469e-02,-1.560427695512771606e-01,3.048252873122692108e-02,1.232311222702264786e-02,8.237575739622116089e-02,1.427149176597595215e-01,9.789238870143890381e-02,7.583502214401960373e-03,9.130446612834930420e-02,1.043013706803321838e-01,4.418492782860994339e-03,-4.199450090527534485e-02,2.255876362323760986e-02,5.373336374759674072e-03,-8.857164531946182251e-02,-1.282974481582641602e-01,3.413943946361541748e-02,1.907362043857574463e-01,8.441744744777679443e-02,6.619761884212493896e-02,8.872374892234802246e-02,-5.104922130703926086e-02,-5.074604600667953491e-02,4.823505505919456482e-02,-8.913554996252059937e-02,-1.605564951896667480e-01,-1.302795410156250000e-01,-6.068678200244903564e-02,-9.840868413448333740e-02,2.978927083313465118e-02,3.077020170167088509e-03,-1.801724731922149658e-02,2.576403506100177765e-02,9.819563478231430054e-02,2.045226842164993286e-01,1.236810721457004547e-02,4.749527201056480408e-02,6.789138913154602051e-02,-6.106776650995016098e-03,1.683085039258003235e-02,-1.159011619165539742e-03,3.301320597529411316e-02,2.164095491170883179e-01,5.810102075338363647e-02,3.865787759423255920e-02,8.281646668910980225e-02,1.651908457279205322e-02,8.543855696916580200e-02,-4.572308808565139771e-02,-1.134996302425861359e-02,-4.771079123020172119e-02,4.820002987980842590e-02,-5.988972727209329605e-03,8.710021525621414185e-02,9.770114719867706299e-02,6.568167358636856079e-02,6.198463216423988342e-02,-7.691930234432220459e-02,-3.945449739694595337e-02,1.050725486129522324e-02,1.230824738740921021e-01,1.299139857292175293e-01,-4.895424097776412964e-02,1.494784839451313019e-02,-4.807517677545547485e-02,-6.593888252973556519e-02,1.077720448374748230e-01,1.224950402975082397e-01,5.724556744098663330e-02,-1.335842609405517578e-01,4.857929795980453491e-02,1.228606924414634705e-01,-2.459691092371940613e-02,2.372328937053680420e-02,-2.114173257723450661e-03,-9.135895222425460815e-02,5.937034636735916138e-02,3.188002854585647583e-03,-6.250329315662384033e-03,2.542570233345031738e-02,4.505147784948348999e-02,4.639478027820587158e-02,-3.681737929582595825e-02,-4.438579548150300980e-03,-1.057868357747793198e-02,1.519510746002197266e-01,1.600502524524927139e-03,5.205571069382131100e-04,-5.050221458077430725e-02,8.673099428415298462e-02,-1.602334678173065186e-01,7.216773927211761475e-02,7.073023915290832520e-02,3.381328657269477844e-03,-7.411516457796096802e-02,-1.564671993255615234e-01,-9.905691258609294891e-04,1.836886852979660034e-01
1.928784325718879700e-02,5.499446764588356018e-02,3.583725169301033020e-02,-8.483526110649108887e-02,3.552904352545738220e-02,7.820647954940795898e-02,-3.881142660975456238e-02,-8.661289513111114502e-02,-5.416640639305114746e-02,-7.704384624958038330e-02,-1.016957610845565796e-01,-1.242161393165588379e-01,-5.268839374184608459e-02,-6.040677055716514587e-02,6.194330379366874695e-02,-1.816700845956802368e-01,-7.203791290521621704e-02,7.611119747161865234e-02,-5.860141944140195847e-03,5.847026407718658447e-02,3.989038243889808655e-02,-6.918965280055999756e-02,-6.478324532508850098e-02,1.522621363401412964e-01,1.764041185379028320e-01,7.001496851444244385e-02,1.790969632565975189e-02,-1.162750944495201111e-01,9.417016059160232544e-03,3.635118156671524048e-02,7.801137119531631470e-02,-1.185060068964958191e-01,4.142638668417930603e-02,8.253802545368671417e-03,6.178256869316101074e-02,1.115336865186691284e-01,8.149030804634094238e-02,7.286865264177322388e-02,6.721885502338409424e-02,7.384799420833587646e-02,-1.641974970698356628e-02,-4.507890343666076660e-02,-1.412315480411052704e-02,1.546640880405902863e-02,-5.885769426822662354e-02,-1.182237714529037476e-01,-1.392462011426687241e-02,1.382086127996444702e-01,5.371063575148582458e-02,2.159059979021549225e-02,-1.879868563264608383e-03,-6.836170703172683716e-02,-7.294332981109619141e-02,5.549896508455276489e-02,-5.384477227926254272e-02,-9.977144002914428711e-02,-1.219827160239219666e-01,-4.616424441337585449e-02,-7.031173259019851685e-02,6.062253843992948532e-03,-4.623374715447425842e-02,-2.743088826537132263e-02,4.441933333873748779e-02,9.478194266557693481e-02,1.803352534770965576e-01,4.986999928951263428e-02,6.156516075134277344e-02,5.865282565355300903e-02,-4.134698212146759033e-02,-2.500828728079795837e-02,-6.290053948760032654e-03,4.317363724112510681e-02,1.739394068717956543e-01,5.808684602379798889e-02,1.853867247700691223e-02,-6.518092006444931030e-03,-4.950427636504173279e-02,2.596923336386680603e-02,-9.384747827425599098e-04,5.550841987133026123e-02,-1.197611447423696518e-02,6.356348097324371338e-02,-2.600809931755065918e-02,7.416321337223052979e-02,7.384582608938217163e-02,8.198127150535583496e-02,2.949135936796665192e-02,-1.439184546470642090e-01,-8.941972255706787109e-02,1.820759288966655731e-02,6.513135135173797607e-02,9.450653940439224243e-02,-2.635604143142700195e-02,3.049640357494354248e-02,-7.371201645582914352e-03,-9.951326996088027954e-02,6.129191815853118896e-02,1.196376010775566101e-01,1.950877346098423004e-02,-8.926144242286682129e-02,5.528801679611206055e-02,1.102246344089508057e-01,-7.686541229486465454e-02,-1.232533948495984077e-03,3.142007440328598022e-02,-6.696254760026931763e-02,3.941686078906059265e-02,2.688111551105976105e-02,4.372687544673681259e-03,3.492772579193115234e-02,4.988608509302139282e-02,7.420220971107482910e-02,1.668959669768810272e-02,-2.421557903289794922e-02,2.750772051513195038e-02,1.356394141912460327e-01,9.858288802206516266e-03,-3.422728553414344788e-02,3.753584111109375954e-03,6.761102378368377686e-02,-1.052997559309005737e-01,3.469593450427055359e-02,3.890492767095565796e-02,-3.403620794415473938e-02,-4.065045341849327087e-02,-1.391531527042388916e-01,2.656632335856556892e-03,1.525663882493972778e-01
-2.516518905758857727e-02,1.923719979822635651e-02,8.988701552152633667e-02,-1.955982148647308350e-01,-9.597536409273743629e-04,1.013441905379295349e-01,2.147773094475269318e-02,3.957816865295171738e-03,-5.676088854670524597e-03,7.277148216962814331e-02,2.965200319886207581e-02,1.166943274438381195e-02,4.643186181783676147e-02,-5.207945406436920166e-02,-1.656070724129676819e-02,-1.267651468515396118e-01,7.324201613664627075e-02,1.017621904611587524e-01,3.309325501322746277e-02,1.562012732028961182e-01,8.166002482175827026e-02,-9.822664409875869751e-02,-1.425570845603942871e-01,1.410466432571411133e-01,2.060835659503936768e-01,-5.407281219959259033e-02,4.443340376019477844e-02,-2.005004137754440308e-02,5.159432813525199890e-02,2.368170954287052155e-02,-4.865677654743194580e-02,-1.474405676126480103e-01,6.661644205451011658e-03,-1.812301389873027802e-02,-5.892311781644821167e-02,1.004898473620414734e-01,1.045051440596580505e-01,2.568287588655948639e-02,-4.639475047588348389e-02,4.631073772907257080e-02,5.487088114023208618e-03,-1.712816208600997925e-02,-2.735974825918674469e-02,-3.086030483245849609e-04,-6.116053834557533264e-02,-1.293911598622798920e-02,1.112067103385925293e-01,1.005895808339118958e-01,-2.599913813173770905e-02,1.188384070992469788e-01,5.085823312401771545e-02,-6.889755278825759888e-02,-1.229506433010101318e-01,-6.938839703798294067e-02,-7.588275521993637085e-02,-1.026606559753417969e-01,-3.699026256799697876e-02,-6.008346378803253174e-02,-1.423220485448837280e-01,3.718832507729530334e-02,4.684393480420112610e-02,1.040218397974967957e-02,-6.830327957868576050e-02,1.470622569322586060e-01,1.938887834548950195e-01,-4.501251876354217529e-02,1.033037230372428894e-01,1.348877996206283569e-01,-6.278879009187221527e-03,1.105978041887283325e-01,4.454761277884244919e-03,-9.597361832857131958e-02,2.242521792650222778e-01,7.951489835977554321e-02,1.745201647281646729e-02,1.227365583181381226e-01,-1.320923026651144028e-02,7.112138718366622925e-02,-4.359680414199829102e-02,2.163912542164325714e-02,-1.037903055548667908e-01,-6.460883468389511108e-02,-9.288176894187927246e-02,-4.902681708335876465e-02,-8.104951120913028717e-03,8.319844305515289307e-02,6.536449305713176727e-03,1.510168425738811493e-02,-1.167281642556190491e-01,3.360126167535781860e-02,2.417050004005432129e-01,1.571083962917327881e-01,-1.425900459289550781e-01,-1.392435282468795776e-02,-5.887298658490180969e-02,-5.500875785946846008e-02,7.517243921756744385e-02,1.132249310612678528e-01,1.106970757246017456e-01,-1.952422857284545898e-01,2.044178172945976257e-02,1.890485286712646484e-01,-3.482809662818908691e-02,8.108175545930862427e-02,-1.874992810189723969e-02,-1.370571404695510864e-01,1.777297258377075195e-01,1.033945977687835693e-01,5.070969462394714355e-02,2.183015830814838409e-02,-1.460072677582502365e-02,8.057223260402679443e-02,2.624010480940341949e-02,-1.924750627949833870e-03,-9.747137874364852905e-02,1.133403480052947998e-01,-8.461957797408103943e-03,-4.148755595088005066e-02,-5.342942103743553162e-02,6.737571209669113159e-02,-1.962656974792480469e-01,5.472720041871070862e-02,8.089794963598251343e-02,2.489925175905227661e-02,-2.373603731393814087e-02,-1.588459014892578125e-01,4.937531054019927979e-02,1.970192790031433105e-01
2.176638133823871613e-02,1.646396517753601074e-02,7.125882059335708618e-02,-1.543487906455993652e-01,1.211150512099266052e-01,9.162277728319168091e-02,1.226167008280754089e-02,3.350602462887763977e-03,2.338523976504802704e-03,6.712851673364639282e-02,5.786399915814399719e-02,2.992004714906215668e-02,8.076080679893493652e-02,-2.516501024365425110e-02,2.530511096119880676e-02,-2.039545476436614990e-01,-5.772258155047893524e-03,8.763643354177474976e-02,-8.365807007066905499e-04,1.770409047603607178e-01,1.067832708358764648e-01,-2.251256257295608521e-02,1.624599099159240723e-02,1.890669167041778564e-01,2.150767594575881958e-01,-1.842734985984861851e-03,6.476419419050216675e-02,-4.749764874577522278e-02,7.164682727307081223e-03,3.112767450511455536e-02,-2.268490940332412720e-02,-1.274694502353668213e-01,2.794917486608028412e-02,8.275080472230911255e-03,-1.751273684203624725e-02,1.155781224370002747e-01,6.479734182357788086e-02,-5.705251172184944153e-02,4.404113441705703735e-02,4.970967397093772888e-02,-2.773330174386501312e-02,-1.936178468167781830e-02,-6.734268739819526672e-03,1.251113507896661758e-02,1.869958080351352692e-02,-7.182222604751586914e-02,1.018719896674156189e-01,9.857240319252014160e-02,-1.263074297457933426e-02,1.186407357454299927e-01,3.555020689964294434e-02,-1.634093970060348511e-01,-1.552783548831939697e-01,-6.291757524013519287e-02,-1.504961997270584106e-01,-1.715250015258789062e-01,-1.024561375379562378e-01,-7.165239751338958740e-02,-1.053696498274803162e-01,7.539836317300796509e-02,6.878858059644699097e-02,9.120699251070618629e-04,-2.019231952726840973e-02,9.263844043016433716e-02,1.759230792522430420e-01,-5.832584947347640991e-02,1.203570067882537842e-01,1.073007509112358093e-01,-6.116775795817375183e-02,6.316599249839782715e-02,-5.215752869844436646e-02,-1.123005300760269165e-01,2.207937240600585938e-01,6.754361838102340698e-02,1.022993251681327820e-01,9.641513228416442871e-02,-1.043885052204132080e-01,1.001041904091835022e-01,4.392759874463081360e-02,6.884680688381195068e-02,-1.410821527242660522e-01,-1.376024931669235229e-01,-6.316730380058288574e-02,-2.555058337748050690e-02,-1.881388481706380844e-03,1.365662068128585815e-01,3.988344967365264893e-02,2.309647202491760254e-02,-1.346659362316131592e-01,2.680383436381816864e-02,2.561670243740081787e-01,2.401303052902221680e-01,1.849854364991188049e-02,-1.810588128864765167e-02,-7.258643954992294312e-02,2.446204796433448792e-02,1.208320707082748413e-01,1.538775861263275146e-01,1.031730473041534424e-01,-1.250376850366592407e-01,2.783821523189544678e-02,1.023158133029937744e-01,-4.340217635035514832e-02,7.964480668306350708e-02,2.054601535201072693e-02,-5.471213907003402710e-02,1.601144075393676758e-01,1.397286206483840942e-01,2.257700543850660324e-03,2.577805425971746445e-03,-2.426359429955482483e-02,3.801088780164718628e-03,-5.114959925413131714e-02,1.712610572576522827e-02,-3.783243149518966675e-02,1.650647819042205811e-01,7.635243982076644897e-02,3.142198175191879272e-02,-5.817803740501403809e-02,1.232513878494501114e-02,-2.403200119733810425e-01,-4.739943519234657288e-02,8.092829585075378418e-02,3.200242295861244202e-02,-6.662476062774658203e-02,-1.105553358793258667e-01,6.270340085029602051e-02,2.246311902999877930e-01
7.664350792765617371e-03,1.517402753233909607e-02,-7.750682998448610306e-03,-5.006759613752365112e-02,1.854573376476764679e-02,6.822896655648946762e-03,-9.561426006257534027e-03,-1.345091406255960464e-02,-1.900306716561317444e-02,1.282243989408016205e-03,1.257865806110203266e-03,-2.261208184063434601e-02,2.582949586212635040e-02,-1.789694279432296753e-02,-1.503279618918895721e-02,-5.340219661593437195e-02,7.241241633892059326e-03,3.235667198896408081e-02,1.639531925320625305e-02,5.476834997534751892e-02,4.542437847703695297e-03,-2.437534369528293610e-02,-3.090392239391803741e-02,5.362769588828086853e-02,7.695882022380828857e-02,-7.636100053787231445e-03,-6.286925170570611954e-03,2.810268290340900421e-02,3.661976009607315063e-02,-3.153204917907714844e-02,-2.730393595993518829e-02,-7.028617709875106812e-02,1.966327056288719177e-02,-2.316358499228954315e-02,-4.334789142012596130e-02,8.643023669719696045e-03,4.034134373068809509e-02,1.482467353343963623e-02,-2.509254775941371918e-02,-5.407846532762050629e-03,-1.128220185637474060e-02,-2.720804885029792786e-02,1.552072539925575256e-02,-1.618666946887969971e-02,2.568388124927878380e-03,-1.463660225272178650e-02,2.075835689902305603e-02,1.398022286593914032e-02,-5.276929214596748352e-02,9.439306333661079407e-03,8.985396707430481911e-04,-3.149677440524101257e-02,-4.112556949257850647e-02,6.962215527892112732e-03,-2.324451319873332977e-02,-2.041419409215450287e-02,-4.656790941953659058e-02,-4.185905307531356812e-02,-3.049970604479312897e-02,1.401705015450716019e-02,7.481703069061040878e-03,3.029905632138252258e-02,2.602751925587654114e-02,6.613048166036605835e-02,8.084242790937423706e-02,-1.935627497732639313e-02,4.877894744277000427e-02,4.133870825171470642e-02,-2.644729427993297577e-02,4.863640293478965759e-03,-2.117543667554855347e-02,-2.179533429443836212e-02,7.068745791912078857e-02,1.769581250846385956e-02,1.651884615421295166e-02,2.137731388211250305e-02,-7.459113840013742447e-03,1.263166684657335281e-02,8.368474431335926056e-03,3.736590966582298279e-02,-2.375998720526695251e-02,-5.954912304878234863e-02,-4.351711273193359375e-02,-1.317397877573966980e-02,2.731733489781618118e-03,4.656580090522766113e-02,-4.774033441208302975e-04,-5.436836509034037590e-04,-7.563085854053497314e-02,1.564967818558216095e-02,6.830929964780807495e-02,4.392507299780845642e-02,-6.325625628232955933e-02,-9.888534434139728546e-03,-1.789733022451400757e-02,2.113159978762269020e-03,3.657520189881324768e-02,6.191014125943183899e-02,1.004742365330457687e-02,-2.206405252218246460e-02,1.282028481364250183e-02,5.613478273153305054e-02,-1.648990670219063759e-03,3.312004357576370239e-02,1.183636207133531570e-02,-3.679621964693069458e-02,7.015708833932876587e-02,4.888205230236053467e-02,4.785232245922088623e-03,2.067697048187255859e-02,3.056834079325199127e-02,2.381336130201816559e-02,-2.033176831901073456e-02,-2.012746781110763550e-02,-1.168743148446083069e-02,3.375924751162528992e-02,-2.069946844130754471e-03,-2.532753720879554749e-02,-2.369987964630126953e-02,6.841730792075395584e-03,-7.671452313661575317e-02,-3.933990374207496643e-02,1.179750449955463409e-02,-7.643907330930233002e-03,-1.095408946275711060e-02,-3.091619163751602173e-02,2.845937013626098633e-02,9.606308490037918091e-02
-5.246399668976664543e-04,3.445181995630264282e-02,-3.834860026836395264e-02,-1.251990497112274170e-01,1.987430825829505920e-02,6.838861107826232910e-02,2.435875497758388519e-02,6.382203102111816406e-02,1.337635982781648636e-02,7.835534960031509399e-02,-3.899550437927246094e-02,1.707292348146438599e-02,-2.952798642218112946e-02,-4.879520833492279053e-02,1.989837922155857086e-02,-1.265360862016677856e-01,4.814261943101882935e-02,2.398897521197795868e-02,9.214706718921661377e-02,8.787348866462707520e-02,7.539356499910354614e-02,-1.417523324489593506e-01,-7.917504012584686279e-02,1.170239821076393127e-01,1.594877988100051880e-01,3.270791098475456238e-02,5.973665416240692139e-02,2.362419478595256805e-02,3.073022142052650452e-02,1.605298183858394623e-02,4.724400863051414490e-02,-4.635067284107208252e-02,2.028779499232769012e-02,1.041861698031425476e-01,-4.692475870251655579e-02,4.391920939087867737e-02,4.326736554503440857e-02,-2.300967648625373840e-02,4.180496092885732651e-03,3.220954164862632751e-02,2.964547136798501015e-03,7.552151102572679520e-03,-8.058001846075057983e-02,3.121067769825458527e-02,-5.105304718017578125e-02,-1.094322130084037781e-01,-8.981491439044475555e-03,3.500086069107055664e-02,1.618365943431854248e-02,4.475986212491989136e-02,2.537304535508155823e-03,-9.495554864406585693e-02,-4.496965929865837097e-02,2.662044018507003784e-02,-6.672457605600357056e-02,-1.268895119428634644e-01,-6.684818118810653687e-02,-5.640327464789152145e-03,-1.373972594738006592e-01,5.110950022935867310e-02,3.067534975707530975e-02,-2.196152321994304657e-02,-4.133996367454528809e-02,5.355941131711006165e-02,7.458326220512390137e-02,-3.325337916612625122e-02,1.187173184007406235e-02,5.173538997769355774e-02,2.017697691917419434e-02,4.039106145501136780e-02,-2.447339706122875214e-02,-8.807091414928436279e-02,1.320460289716720581e-01,8.052746206521987915e-02,6.123073026537895203e-02,9.291455894708633423e-02,-3.784858807921409607e-02,6.557579338550567627e-02,5.673002824187278748e-02,5.383820831775665283e-02,-5.800157785415649414e-02,-4.649903625249862671e-03,1.766211725771427155e-02,3.395711258053779602e-02,-3.525425121188163757e-02,-1.029543355107307434e-01,-5.598751828074455261e-02,1.835211552679538727e-02,-4.922121763229370117e-02,-6.330455094575881958e-02,1.189121529459953308e-01,1.222594305872917175e-01,-4.690254852175712585e-02,1.378415897488594055e-02,-2.377949468791484833e-02,-4.766189027577638626e-03,5.221958458423614502e-02,3.296158090233802795e-02,3.870477527379989624e-02,-5.988625809550285339e-02,-8.780163712799549103e-03,7.842795923352241516e-03,4.871784767601639032e-04,6.476680934429168701e-02,-4.038430750370025635e-03,-8.379451930522918701e-02,1.134658828377723694e-01,4.911772906780242920e-02,1.073170173913240433e-02,2.134886570274829865e-02,1.893624663352966309e-02,6.989043951034545898e-02,8.713363856077194214e-02,2.163129299879074097e-02,2.103757113218307495e-02,3.160808980464935303e-02,6.338541209697723389e-02,-1.389591954648494720e-03,-3.123304247856140137e-02,3.962422534823417664e-02,-1.254098713397979736e-01,6.051453202962875366e-02,1.058788597583770752e-01,1.277154088020324707e-01,-9.294062852859497070e-03,-1.822690814733505249e-01,1.343726064078509808e-03,9.054835885763168335e-02
1.174690853804349899e-02,5.691646039485931396e-02,8.563958108425140381e-02,-1.492408961057662964e-01,3.947922587394714355e-02,1.133049279451370239e-01,-1.042177528142929077e-01,-4.595294967293739319e-02,-2.288251742720603943e-02,4.143400117754936218e-02,-1.132187917828559875e-01,-5.084459111094474792e-02,-2.162646502256393433e-02,-4.601272940635681152e-02,7.111220061779022217e-02,-1.337235569953918457e-01,2.010116167366504669e-02,9.234905987977981567e-02,2.878603525459766388e-02,4.709452390670776367e-02,4.896803572773933411e-02,-6.913629174232482910e-02,-3.706359490752220154e-02,1.702899634838104248e-01,1.714794635772705078e-01,7.758520543575286865e-03,2.827432565391063690e-02,-1.191603988409042358e-01,1.560260169208049774e-02,5.880973115563392639e-02,5.174436420202255249e-02,-1.213130652904510498e-01,-6.034002639353275299e-03,-1.187950931489467621e-02,2.019491046667098999e-02,1.276015341281890869e-01,4.019617661833763123e-02,7.110147271305322647e-03,5.110664665699005127e-02,8.786387741565704346e-02,3.461473062634468079e-02,-3.930476307868957520e-02,-1.563135348260402679e-02,7.606269326061010361e-03,-8.969489485025405884e-02,-8.378015458583831787e-02,5.150307714939117432e-02,1.437924057245254517e-01,6.850931048393249512e-02,1.077141538262367249e-01,8.082307130098342896e-02,-9.996360540390014648e-02,-1.208904013037681580e-01,7.109670899808406830e-03,-5.187071487307548523e-02,-1.511034518480300903e-01,-1.126866713166236877e-01,-7.098475098609924316e-02,-1.511932462453842163e-01,3.054692968726158142e-02,2.243255451321601868e-02,-1.889456622302532196e-02,-1.557426713407039642e-02,2.862005308270454407e-02,1.609139442443847656e-01,-8.800608664751052856e-02,1.015948727726936340e-01,8.285532891750335693e-02,2.839775756001472473e-02,1.222870200872421265e-01,4.297745227813720703e-02,-3.856869414448738098e-02,1.909336149692535400e-01,1.162775084376335144e-01,8.256126940250396729e-02,1.016698405146598816e-01,-4.180097579956054688e-02,8.192879706621170044e-02,1.015297416597604752e-02,6.932913092896342278e-04,-5.638943240046501160e-02,2.797254920005798340e-02,-5.121841281652450562e-02,-1.138199772685766220e-02,1.146600246429443359e-01,3.698526695370674133e-02,-1.135020866058766842e-03,-4.947118833661079407e-02,-5.995274707674980164e-02,1.018780842423439026e-02,1.532984524965286255e-01,9.812433272600173950e-02,-5.468699708580970764e-02,2.213944494724273682e-02,-4.349019750952720642e-02,-6.723060458898544312e-02,8.367870748043060303e-02,8.257722109556198120e-02,6.235785037279129028e-02,-1.212724745273590088e-01,-1.739371009171009064e-02,1.045750975608825684e-01,-2.288743108510971069e-02,3.032362088561058044e-02,1.539957895874977112e-02,-6.983526051044464111e-02,5.313887074589729309e-02,1.590400747954845428e-02,2.082314901053905487e-02,1.318419910967350006e-02,-3.936760872602462769e-02,6.593864411115646362e-02,-4.002758488059043884e-02,-3.952690865844488144e-03,-7.790444046258926392e-02,1.231055930256843567e-01,2.215800248086452484e-02,3.304865956306457520e-02,-9.703359007835388184e-02,1.156156659126281738e-01,-1.091365516185760498e-01,5.334457755088806152e-02,9.651268273591995239e-02,2.932318486273288727e-02,-6.708218157291412354e-02,-1.573881208896636963e-01,2.536712028086185455e-02,1.789857149124145508e-01
1.093585118651390076e-01,1.195505261421203613e-01,7.591721415519714355e-02,-1.753047108650207520e-01,7.408048957586288452e-02,3.517576307058334351e-02,-1.010878197848796844e-02,-2.850903943181037903e-02,6.977267563343048096e-02,2.918078936636447906e-02,-1.182351857423782349e-01,-3.082775883376598358e-02,-4.516455531120300293e-02,-5.267124157398939133e-03,5.718422308564186096e-02,-8.370232582092285156e-02,6.513594416901469231e-04,5.898269265890121460e-02,1.227864623069763184e-01,1.062766313552856445e-01,6.281902641057968140e-02,-6.444385647773742676e-02,-5.457619950175285339e-02,1.645383834838867188e-01,1.877881884574890137e-01,2.887822501361370087e-02,1.455233898013830185e-02,-6.489548087120056152e-02,-7.369730621576309204e-02,-7.478336244821548462e-02,-3.986360505223274231e-02,-1.546235233545303345e-01,4.239995032548904419e-02,1.245687343180179596e-02,-8.719269931316375732e-02,1.514581590890884399e-01,2.172152139246463776e-02,8.300559595227241516e-03,9.404023177921772003e-03,7.403118535876274109e-03,1.732634752988815308e-02,-1.909205690026283264e-02,-7.299837470054626465e-02,-3.400209173560142517e-02,-3.624468669295310974e-02,-6.303977966308593750e-02,1.191458180546760559e-01,1.462274789810180664e-01,-4.892044141888618469e-02,3.566161543130874634e-02,5.503983795642852783e-02,-2.453320287168025970e-02,-3.304401412606239319e-02,-2.919973060488700867e-02,-1.024012714624404907e-01,-1.259030401706695557e-01,-8.047173917293548584e-02,-5.966787412762641907e-02,-2.010441869497299194e-01,5.192262586206197739e-03,6.445207446813583374e-02,3.815740719437599182e-02,-3.120412677526473999e-02,3.197083249688148499e-02,1.951242983341217041e-01,-4.596098139882087708e-02,5.909644067287445068e-02,4.926846176385879517e-02,5.452369805425405502e-03,1.463419198989868164e-01,6.066706776618957520e-02,2.897139638662338257e-02,1.845213621854782104e-01,1.001052781939506531e-01,1.369054317474365234e-01,1.168336197733879089e-01,-8.474801667034626007e-03,5.816852673888206482e-02,-3.515397757291793823e-02,6.442546378821134567e-03,1.927254023030400276e-03,-9.758441895246505737e-02,-1.069163829088211060e-01,-2.073354087769985199e-02,1.185166761279106140e-01,3.502178564667701721e-02,-4.458077996969223022e-02,-2.718115411698818207e-02,-1.051614731550216675e-01,-1.672320440411567688e-02,1.124275773763656616e-01,1.035122424364089966e-01,-1.322171278297901154e-02,5.322660505771636963e-02,-8.027456700801849365e-02,-4.812971130013465881e-02,-5.583525449037551880e-02,8.660198748111724854e-02,6.573137640953063965e-02,-6.498169898986816406e-02,-5.136055126786231995e-02,1.230882033705711365e-01,2.178369089961051941e-02,7.298061996698379517e-02,2.292383089661598206e-02,-4.230907559394836426e-02,1.001587659120559692e-01,6.304402649402618408e-02,4.406758025288581848e-02,2.933369576930999756e-02,-3.134415298700332642e-02,2.258956432342529297e-02,8.178082853555679321e-02,-3.383949771523475647e-02,-5.447525903582572937e-02,-2.482319483533501625e-03,7.940278202295303345e-02,1.706896163523197174e-02,-1.197328511625528336e-02,9.052215516567230225e-02,-1.202402338385581970e-01,5.847192928194999695e-02,1.061647087335586548e-01,2.321859821677207947e-02,-9.967311471700668335e-02,-1.758831590414047241e-01,-3.184114396572113037e-02,1.665283143520355225e-01
2.132378332316875458e-02,-1.126974239014089108e-03,1.092778891324996948e-01,-1.903631538152694702e-01,8.637987077236175537e-03,5.275279283523559570e-02,-8.527114242315292358e-02,-1.804894767701625824e-02,1.557548791170120239e-01,7.793419808149337769e-02,-3.914214670658111572e-02,1.280335783958435059e-01,1.079182922840118408e-01,-9.443721175193786621e-02,-5.815605446696281433e-02,-1.673418879508972168e-01,3.143231198191642761e-02,7.689532358199357986e-03,-8.721337653696537018e-03,7.633629441261291504e-02,6.265135854482650757e-02,-6.112274155020713806e-02,-3.109393827617168427e-02,2.408653497695922852e-01,2.700062692165374756e-01,-1.668161340057849884e-02,1.650847867131233215e-02,9.941574931144714355e-02,4.624055325984954834e-02,-9.810758754611015320e-03,-8.352971076965332031e-02,-1.495596617460250854e-01,7.283157110214233398e-02,-7.724961638450622559e-02,-5.230197682976722717e-02,1.353872716426849365e-01,3.493418544530868530e-02,-1.231187656521797180e-01,-6.090181320905685425e-02,6.415881216526031494e-02,8.275262266397476196e-02,5.352101102471351624e-02,8.297179639339447021e-02,5.711349472403526306e-02,-1.408856268972158432e-02,-1.785894632339477539e-01,6.999496370553970337e-03,-2.723329886794090271e-02,-9.199950098991394043e-02,-8.695442229509353638e-03,-7.077688723802566528e-02,-5.984482914209365845e-02,-6.035510823130607605e-02,-6.738082971423864365e-03,-7.971795648336410522e-02,-3.106979280710220337e-02,-1.929475665092468262e-01,-5.012057349085807800e-02,-1.820927709341049194e-01,-6.041728705167770386e-02,-4.886284843087196350e-02,-3.957450389862060547e-04,2.459086664021015167e-02,8.085569739341735840e-02,1.626950353384017944e-01,-6.633078306913375854e-02,1.282551139593124390e-01,8.113460242748260498e-02,-2.314809709787368774e-02,1.215249449014663696e-01,2.518368326127529144e-02,-7.144230604171752930e-02,2.202139049768447876e-01,1.367319822311401367e-01,1.262951940298080444e-01,1.148623004555702209e-01,-8.560321480035781860e-02,-2.118845470249652863e-02,-6.225920841097831726e-02,-1.528191752731800079e-02,3.317143023014068604e-02,-8.647901564836502075e-02,9.206533432006835938e-02,5.591012164950370789e-02,1.025581881403923035e-01,-6.642921268939971924e-02,1.094124745577573776e-02,3.196258842945098877e-02,-4.938378557562828064e-02,-2.963312529027462006e-02,1.225123032927513123e-01,6.641478836536407471e-02,-9.622896462678909302e-02,3.196443244814872742e-02,-1.736230775713920593e-02,1.166177354753017426e-02,5.643486510962247849e-03,-9.624853730201721191e-02,9.900377690792083740e-02,-8.289764821529388428e-02,-1.362356394529342651e-01,7.599463313817977905e-02,1.574049331247806549e-02,2.132799709215760231e-03,-6.759304553270339966e-02,-1.651077158749103546e-02,5.877144634723663330e-02,2.689493075013160706e-02,6.987531483173370361e-02,2.534287609159946442e-02,5.478419736027717590e-02,4.211727902293205261e-02,-1.253145840018987656e-02,5.656759068369865417e-02,-2.263093739748001099e-02,-1.395552046597003937e-02,1.485559046268463135e-01,1.658447384834289551e-01,-4.277710244059562683e-02,-1.670768298208713531e-02,-1.095475032925605774e-01,1.256358027458190918e-01,1.213978305459022522e-01,6.623394042253494263e-02,1.180343609303236008e-02,-1.983987092971801758e-01,1.263738125562667847e-01,2.102305442094802856e-01
2.742074429988861084e-03,2.798446081578731537e-02,9.284687042236328125e-02,-1.064403876662254333e-01,8.487884886562824249e-03,9.430801123380661011e-02,-2.515279874205589294e-02,-1.891256310045719147e-02,-5.401851609349250793e-02,4.579791799187660217e-02,-5.928172543644905090e-02,-2.250901982188224792e-02,-2.114400640130043030e-02,1.760625466704368591e-02,1.625335030257701874e-02,-9.715253114700317383e-02,-1.489061117172241211e-02,2.656507678329944611e-02,1.671152561902999878e-02,6.127965822815895081e-02,7.562472671270370483e-02,-3.576614707708358765e-02,-1.431948319077491760e-02,6.938282400369644165e-02,1.031293272972106934e-01,-1.823702640831470490e-02,2.793720364570617676e-02,-2.741466090083122253e-02,3.018147498369216919e-02,-1.666099391877651215e-02,1.479729171842336655e-02,-7.185524702072143555e-02,3.253568336367607117e-02,-5.757088772952556610e-03,-7.501699775457382202e-02,3.785558417439460754e-02,5.776576697826385498e-02,-4.131583124399185181e-02,2.568790875375270844e-02,6.152015179395675659e-02,2.183992974460124969e-02,-2.754774503409862518e-02,-3.220460191369056702e-02,6.278681010007858276e-02,6.664990214630961418e-04,-6.323222070932388306e-02,7.473228615708649158e-04,7.513946853578090668e-03,1.881946250796318054e-02,3.539560735225677490e-02,5.642077699303627014e-02,2.304191933944821358e-03,-4.163458198308944702e-02,-3.391504287719726562e-04,1.130291260778903961e-02,-1.229409035295248032e-02,-4.486187547445297241e-02,-6.344121694564819336e-02,-9.622129052877426147e-02,1.252803113311529160e-02,2.636983431875705719e-02,1.006324868649244308e-02,-2.492543123662471771e-02,3.677454963326454163e-02,6.630331277847290039e-02,-2.564731612801551819e-02,2.072448469698429108e-02,6.070988625288009644e-02,3.089910000562667847e-02,6.073553115129470825e-02,9.582434780895709991e-03,-4.585019871592521667e-02,1.236873865127563477e-01,7.063104957342147827e-02,2.496108040213584900e-02,4.035836085677146912e-02,-1.634404435753822327e-02,2.947748266160488129e-02,-2.528274431824684143e-03,-4.279378335922956467e-03,-3.346337750554084778e-02,-1.348991692066192627e-02,-1.134138181805610657e-02,1.670437492430210114e-02,3.278042748570442200e-02,-4.543063696473836899e-03,-2.482264675199985504e-02,2.331043826416134834e-03,-6.163652613759040833e-02,1.653529331088066101e-02,1.001444160938262939e-01,5.063077062368392944e-02,-6.419614702463150024e-02,4.537908732891082764e-02,1.670169457793235779e-02,-3.741287067532539368e-02,4.493682458996772766e-02,3.569256886839866638e-02,4.460822790861129761e-02,-5.258999019861221313e-02,-2.942877076566219330e-02,3.722216561436653137e-02,-2.507144818082451820e-03,3.129746764898300171e-02,-1.696986705064773560e-02,-6.167673319578170776e-02,4.045398533344268799e-02,4.657055251300334930e-03,2.772347629070281982e-02,3.289507329463958740e-02,-5.080092325806617737e-02,2.304821833968162537e-02,2.673253789544105530e-02,7.121024187654256821e-03,-3.749161586165428162e-02,1.783449761569499969e-02,1.290851458907127380e-02,2.542716078460216522e-02,-5.012916773557662964e-02,1.790281385183334351e-02,-7.423234730958938599e-02,5.045530200004577637e-02,6.500297784805297852e-02,4.822140187025070190e-02,-6.602713465690612793e-02,-1.309280395507812500e-01,-2.410504594445228577e-02,9.149298071861267090e-02
3.150701522827148438e-04,8.734695613384246826e-02,1.829679757356643677e-01,-1.113409698009490967e-01,1.830684393644332886e-01,1.963847875595092773e-01,6.372907757759094238e-02,8.228483051061630249e-02,-6.101591978222131729e-03,-5.624838173389434814e-02,-2.152468115091323853e-01,-5.776440352201461792e-02,-2.716444898396730423e-03,-2.116531282663345337e-01,-5.167713016271591187e-02,-1.324455887079238892e-01,2.361347153782844543e-02,3.471799194812774658e-02,-1.798054575920104980e-02,3.150495514273643494e-02,7.465732097625732422e-02,-2.600140124559402466e-02,-1.130615919828414917e-01,8.362653851509094238e-02,1.596203446388244629e-01,-1.993758231401443481e-02,2.315402217209339142e-02,8.233343809843063354e-02,2.648020163178443909e-02,7.031086366623640060e-03,2.342281118035316467e-02,-1.443960666656494141e-01,4.759268462657928467e-02,-4.345402121543884277e-02,-6.270117126405239105e-03,7.675164937973022461e-02,-4.769707843661308289e-02,-4.066744074225425720e-02,8.037310093641281128e-02,1.228201389312744141e-01,9.704552590847015381e-03,2.737219259142875671e-02,-5.901928246021270752e-02,3.126418590545654297e-02,-2.173152938485145569e-02,-1.698898375034332275e-01,4.998924210667610168e-02,1.144990324974060059e-01,-5.798422917723655701e-02,5.125651508569717407e-02,1.231315508484840393e-01,-1.136348545551300049e-01,-9.658852964639663696e-02,-9.419922530651092529e-02,-1.504421830177307129e-01,-9.316638857126235962e-02,-1.614058464765548706e-01,-1.073414012789726257e-01,-1.401886790990829468e-01,-2.327730692923069000e-02,-9.290188550949096680e-03,-7.943343371152877808e-03,6.508298218250274658e-02,-1.656532660126686096e-02,1.168271824717521667e-01,-5.741992965340614319e-02,7.891992479562759399e-02,4.267985746264457703e-02,1.094319596886634827e-01,4.636712372303009033e-02,-4.429628327488899231e-02,-5.724515765905380249e-03,2.899806201457977295e-01,1.767522692680358887e-01,1.110127493739128113e-01,7.896494865417480469e-02,2.873856574296951294e-02,-5.951224011369049549e-04,-4.175179824233055115e-02,-4.659027606248855591e-02,-3.708103299140930176e-02,-8.692849427461624146e-02,6.599938124418258667e-02,4.435276985168457031e-02,1.418978720903396606e-01,1.078400984406471252e-01,8.898006379604339600e-02,-3.116269363090395927e-03,4.414917156100273132e-02,-2.261887304484844208e-02,1.472297459840774536e-01,1.194256618618965149e-01,-8.708728849887847900e-02,7.983042299747467041e-02,-2.189980261027812958e-02,-9.924933314323425293e-02,1.932493411004543304e-02,2.208350412547588348e-02,1.055388972163200378e-01,-1.685655564069747925e-01,1.951274462044239044e-03,1.009506210684776306e-01,-3.828385099768638611e-02,2.633781544864177704e-02,-2.316096052527427673e-02,-8.428405225276947021e-02,1.286173462867736816e-01,1.180165112018585205e-01,-4.342170432209968567e-03,-3.641382977366447449e-02,-1.858472824096679688e-04,-1.449459418654441833e-02,-2.560365758836269379e-02,-1.181341707706451416e-02,-7.531768642365932465e-03,9.576934576034545898e-02,7.620897889137268066e-02,2.753467299044132233e-02,-1.116337925195693970e-01,1.513732038438320160e-02,-2.106444388628005981e-01,3.164860978722572327e-02,1.082734242081642151e-01,-4.684114083647727966e-02,-4.739313572645187378e-02,-1.655922234058380127e-01,9.283085167407989502e-02,2.460428327322006226e-01
-1.214950997382402420e-02,4.482832551002502441e-02,1.105186268687248230e-01,-1.668346673250198364e-01,1.208675801753997803e-01,1.672071367502212524e-01,5.224945768713951111e-02,2.239532209932804108e-02,2.398426644504070282e-03,-1.707039028406143188e-02,-1.673571467399597168e-01,-6.061444431543350220e-02,2.315041795372962952e-02,-1.875773519277572632e-01,-7.310397177934646606e-02,-1.527832895517349243e-01,8.435470610857009888e-02,8.817762881517410278e-02,5.906567722558975220e-02,1.080014705657958984e-01,6.653641164302825928e-02,-5.186408758163452148e-02,-5.133415386080741882e-02,9.506263583898544312e-02,1.665139943361282349e-01,-2.130829356610774994e-02,7.490946352481842041e-02,-1.273449789732694626e-02,-9.309314936399459839e-02,-3.227453678846359253e-02,2.447622455656528473e-02,-1.486507803201675415e-01,5.798040074296295643e-04,1.136221177875995636e-02,-2.988358959555625916e-03,8.885000646114349365e-02,5.307207349687814713e-03,-3.835309669375419617e-02,7.045627385377883911e-02,9.441629797220230103e-02,2.487324923276901245e-02,4.745254293084144592e-02,-2.576647512614727020e-02,-3.830592613667249680e-03,-7.543510198593139648e-02,-7.812653481960296631e-02,6.137312203645706177e-02,4.947680979967117310e-02,-1.100408285856246948e-01,6.587529182434082031e-02,7.303919643163681030e-02,-8.604471385478973389e-02,-1.155296862125396729e-01,-6.390896439552307129e-02,-1.975354254245758057e-01,-1.659647375345230103e-01,-1.114589795470237732e-01,-9.437821805477142334e-02,-1.260496377944946289e-01,-5.318740382790565491e-03,-1.228786073625087738e-02,2.685331739485263824e-03,1.989808119833469391e-02,1.119978073984384537e-02,1.328866034746170044e-01,-5.710280314087867737e-02,6.468964368104934692e-02,1.252171099185943604e-01,1.139261722564697266e-01,9.993066638708114624e-02,-4.019153118133544922e-02,-9.269712865352630615e-02,2.743604779243469238e-01,1.742719709873199463e-01,1.112496331334114075e-01,9.378860890865325928e-02,-2.623736299574375153e-02,-5.049930419772863388e-03,-3.651053085923194885e-02,-2.954749017953872681e-02,-7.127195596694946289e-02,-8.910240232944488525e-02,5.131720751523971558e-02,2.032497525215148926e-02,3.718680888414382935e-02,8.321788907051086426e-02,5.302172154188156128e-02,1.029851194471120834e-02,-8.634530939161777496e-03,9.363889694213867188e-05,2.188111841678619385e-01,1.380220651626586914e-01,-9.382321685552597046e-02,5.152726918458938599e-02,4.663134925067424774e-03,-3.572358191013336182e-02,8.502403646707534790e-02,3.459306061267852783e-02,9.567758440971374512e-02,-1.933443993330001831e-01,-2.341277338564395905e-02,1.104090735316276550e-01,-8.197085559368133545e-02,3.034065291285514832e-02,1.848326064646244049e-02,-8.055251836776733398e-02,9.260686486959457397e-02,9.953026473522186279e-02,2.313108555972576141e-02,-6.159018725156784058e-02,-2.306591160595417023e-02,-1.385394390672445297e-02,-1.220865827053785324e-02,4.775770753622055054e-02,-2.436617203056812286e-02,1.267383843660354614e-01,8.989317715167999268e-02,4.857584834098815918e-02,-1.037895828485488892e-01,1.362549141049385071e-02,-2.189254313707351685e-01,6.701755523681640625e-02,1.055802777409553528e-01,-9.786828421056270599e-03,-6.408482044935226440e-02,-1.325383335351943970e-01,6.562276929616928101e-02,2.356007546186447144e-01
-2.455554157495498657e-02,3.539992123842239380e-02,8.691955357789993286e-02,-7.192795723676681519e-02,4.476407915353775024e-02,8.621061593294143677e-02,7.201105356216430664e-02,4.455056041479110718e-02,1.717294193804264069e-02,-2.873746864497661591e-02,-6.433308124542236328e-03,-2.606742456555366516e-02,1.605670526623725891e-02,-6.901527941226959229e-02,7.647779583930969238e-02,-8.420968055725097656e-02,1.523106009699404240e-03,5.335531383752822876e-02,7.937762886285781860e-02,8.093558251857757568e-02,3.869688510894775391e-02,-7.040067017078399658e-02,-4.414782673120498657e-02,1.327492743730545044e-01,1.319005191326141357e-01,-1.395940780639648438e-04,-9.683632291853427887e-03,2.129247784614562988e-02,2.493659779429435730e-02,-6.018380075693130493e-02,-4.143894463777542114e-02,-8.500343561172485352e-02,1.129937767982482910e-01,2.600985951721668243e-02,-7.691527158021926880e-02,2.442362718284130096e-02,-1.996335573494434357e-03,-6.687825918197631836e-02,-1.766447164118289948e-02,3.524583205580711365e-02,2.979230508208274841e-02,-6.094022188335657120e-03,-8.242866955697536469e-03,-4.088106751441955566e-02,1.044107135385274887e-02,-5.702076479792594910e-02,6.777122151106595993e-03,2.923575788736343384e-02,-7.123213261365890503e-02,1.918530277907848358e-02,-3.352165222167968750e-04,-8.150907605886459351e-02,-1.085629239678382874e-01,2.092454954981803894e-02,-2.963973581790924072e-02,-9.821528941392898560e-02,-1.128361001610755920e-01,-5.841365084052085876e-02,-5.393011868000030518e-02,-9.264769032597541809e-03,-3.476873971521854401e-03,-1.756785064935684204e-02,-7.050098851323127747e-03,8.364938199520111084e-02,1.273082047700881958e-01,-5.420911312103271484e-02,3.255363553762435913e-02,1.820434443652629852e-02,-4.223195835947990417e-02,7.195375114679336548e-02,-3.922641649842262268e-02,-2.541578374803066254e-02,1.434985995292663574e-01,5.304808914661407471e-02,9.218332916498184204e-02,5.048850923776626587e-02,-3.419903665781021118e-02,4.794711619615554810e-02,-2.330062910914421082e-02,-7.836121134459972382e-03,-8.261013776063919067e-02,-5.748543515801429749e-02,6.410592049360275269e-02,-8.415082469582557678e-03,9.170661866664886475e-02,7.952929288148880005e-02,-5.251568928360939026e-02,-6.503311451524496078e-03,-8.466704934835433960e-02,-2.047451958060264587e-02,5.185154452919960022e-02,6.302582472562789917e-02,-1.096039544790983200e-03,-2.484673867002129555e-03,-9.788662940263748169e-02,-6.065005064010620117e-02,6.490685790777206421e-02,9.607774019241333008e-02,-2.604854479432106018e-02,-2.892399393022060394e-02,3.975940495729446411e-02,5.319542437791824341e-02,2.917027845978736877e-02,2.012416161596775055e-02,4.185411334037780762e-02,-2.354617230594158173e-03,7.491514086723327637e-02,6.136724725365638733e-02,-2.199109643697738647e-03,-6.532902829349040985e-03,3.500715130940079689e-03,-3.627543523907661438e-02,-1.451577804982662201e-02,2.415091730654239655e-02,3.954985179007053375e-03,-6.495713023468852043e-04,7.745166122913360596e-02,4.421109706163406372e-02,-3.231686726212501526e-02,-9.708426892757415771e-03,-7.503167539834976196e-02,-4.368095472455024719e-02,9.931188076734542847e-02,2.984745241701602936e-02,-6.277835927903652191e-03,-1.139746457338333130e-01,7.391913793981075287e-03,1.438622921705245972e-01
-3.208387643098831177e-03,6.469433754682540894e-02,1.376282721757888794e-01,-1.638244688510894775e-01,-1.359259709715843201e-02,1.362180560827255249e-01,-1.378585770726203918e-02,1.923457719385623932e-02,4.454856365919113159e-02,1.043265461921691895e-01,-3.983263298869132996e-02,-3.513248637318611145e-02,-2.758970670402050018e-02,-5.110403150320053101e-02,2.957801148295402527e-02,-1.717314422130584717e-01,7.049010694026947021e-02,8.479164540767669678e-02,8.223587274551391602e-02,1.431577652692794800e-01,1.039169207215309143e-01,-5.560613796114921570e-02,-1.360433641821146011e-02,1.407669037580490112e-01,1.576584130525588989e-01,-9.014572203159332275e-02,5.117664858698844910e-02,-9.831127524375915527e-02,1.714502461254596710e-02,7.269126176834106445e-02,7.697341497987508774e-04,-1.226843148469924927e-01,-2.593900635838508606e-02,2.169609069824218750e-05,-7.125218212604522705e-02,8.965585380792617798e-02,6.021806970238685608e-02,-4.522662982344627380e-02,4.452801123261451721e-02,9.098028391599655151e-02,4.827341064810752869e-02,-2.694228477776050568e-02,-7.745311409235000610e-02,1.281974930316209793e-02,3.083088807761669159e-02,-6.921598315238952637e-02,5.342285335063934326e-02,2.961410023272037506e-02,8.364692330360412598e-02,1.771109402179718018e-01,1.251095235347747803e-01,-4.818492382764816284e-02,-9.859793633222579956e-02,2.471680054441094398e-03,-4.753294959664344788e-02,-9.440448880195617676e-02,-9.913808107376098633e-02,-1.139047592878341675e-01,-1.437645554542541504e-01,4.296198487281799316e-02,4.913815483450889587e-02,3.529398888349533081e-02,-7.204660028219223022e-02,1.160337403416633606e-01,1.296782046556472778e-01,-2.471259422600269318e-02,1.042796075344085693e-01,1.435663402080535889e-01,-4.962880164384841919e-03,9.432242810726165771e-02,-3.962674643844366074e-03,-9.584517776966094971e-02,1.866157948970794678e-01,9.644417464733123779e-02,2.036852762103080750e-02,9.424471110105514526e-02,-5.518337711691856384e-02,3.033615648746490479e-02,2.578098140656948090e-02,4.902684688568115234e-02,-1.207903027534484863e-01,9.180303895846009254e-04,3.272008523344993591e-02,9.558862075209617615e-03,-1.192146632820367813e-02,3.237498179078102112e-02,-8.858000859618186951e-03,3.886094316840171814e-02,-8.770330250263214111e-02,1.245022937655448914e-02,2.415276169776916504e-01,1.812360882759094238e-01,-5.005110800266265869e-02,2.865357883274555206e-02,-5.644510686397552490e-02,-8.355992287397384644e-02,9.974534809589385986e-02,1.135645508766174316e-01,1.348876208066940308e-01,-1.550545841455459595e-01,-3.364156931638717651e-02,8.230666816234588623e-02,-5.627318844199180603e-02,7.777120172977447510e-02,6.301312893629074097e-02,-3.823236376047134399e-02,1.023627668619155884e-01,2.747407369315624237e-02,-1.101690623909235001e-02,-8.451408706605434418e-03,-4.475352540612220764e-02,4.292310774326324463e-02,3.715557279065251350e-03,5.432725697755813599e-02,-8.114188164472579956e-02,1.535057127475738525e-01,5.732936412096023560e-02,-1.857576519250869751e-02,-8.001819252967834473e-02,7.468727976083755493e-02,-1.350662559270858765e-01,4.207666963338851929e-02,7.543797791004180908e-02,4.667374864220619202e-02,-9.455584734678268433e-02,-1.567988395690917969e-01,5.485695973038673401e-02,1.909394115209579468e-01
1.167950499802827835e-02,2.931526117026805878e-02,-2.662240900099277496e-02,-4.621149972081184387e-02,1.153394021093845367e-02,3.679865971207618713e-02,-1.813823357224464417e-02,-3.152627963572740555e-03,-1.328872796148061752e-02,1.854230836033821106e-02,-4.946101456880569458e-03,2.324507944285869598e-02,2.570512704551219940e-02,1.223444240167737007e-03,2.539681084454059601e-02,-5.135532096028327942e-02,-3.733320161700248718e-02,1.747328788042068481e-02,-1.728865876793861389e-02,2.109762514010071754e-03,2.862097322940826416e-02,-1.647269539535045624e-02,-3.264467418193817139e-02,4.726832732558250427e-02,5.584836006164550781e-02,1.030295621603727341e-03,2.021951973438262939e-02,2.934387419372797012e-03,3.986729308962821960e-02,-2.832524245604872704e-03,-1.860484108328819275e-02,-4.255568608641624451e-02,8.936762809753417969e-03,1.615389622747898102e-02,-3.123242873698472977e-03,-8.338197134435176849e-03,-6.364885251969099045e-03,3.750633914023637772e-03,2.620303304865956306e-03,3.272610949352383614e-03,-4.097527824342250824e-03,-5.447452422231435776e-03,-4.928339738398790359e-03,2.193089807406067848e-03,-2.484918385744094849e-02,-2.114088088274002075e-02,3.560988605022430420e-02,4.172815009951591492e-02,9.026966989040374756e-03,-1.368797570466995239e-02,1.712419837713241577e-02,1.842049416154623032e-03,-2.323212288320064545e-02,4.398821911308914423e-04,7.619023788720369339e-03,-6.071223877370357513e-03,1.062243827618658543e-03,-7.948915474116802216e-03,-5.202154815196990967e-02,8.906933479011058807e-03,2.078960649669170380e-02,-3.546484187245368958e-02,-3.560765879228711128e-03,2.800980210304260254e-02,4.793251305818557739e-02,-3.322350094094872475e-03,-6.005464238114655018e-04,-1.086144521832466125e-02,-1.999734155833721161e-02,1.114822831004858017e-02,-8.600200526416301727e-03,-3.594029694795608521e-02,5.940764397382736206e-02,2.643820829689502716e-02,-1.465445011854171753e-02,4.768608137965202332e-02,-2.850648015737533569e-02,1.800002716481685638e-02,2.041098428890109062e-03,-3.257739590480923653e-03,-4.210828989744186401e-02,-1.657772064208984375e-02,4.432708024978637695e-03,-3.160376567393541336e-03,4.076625406742095947e-02,-1.874834857881069183e-02,-1.913544954732060432e-03,2.137270057573914528e-03,-5.196442455053329468e-02,-2.948668599128723145e-02,1.838739030063152313e-02,3.098362684249877930e-02,-1.155628822743892670e-02,2.368590980768203735e-02,-2.638171613216400146e-02,-4.628409072756767273e-02,1.249367557466030121e-02,2.170198038220405579e-02,1.450865715742111206e-02,-2.051598764955997467e-02,-6.360235624015331268e-03,2.123146690428256989e-02,-5.852900445461273193e-03,2.009603753685951233e-02,1.370603404939174652e-02,-4.481491073966026306e-02,1.587072759866714478e-02,3.753849118947982788e-02,3.669065888971090317e-03,-4.350575152784585953e-03,-1.303524430841207504e-02,1.143855601549148560e-02,1.101431250572204590e-02,-4.571657255291938782e-02,-4.063772037625312805e-02,2.313987538218498230e-02,-2.132654190063476562e-04,-4.225347656756639481e-03,-2.210434526205062866e-03,3.899824246764183044e-02,-3.780040889978408813e-02,5.059585906565189362e-03,7.954370230436325073e-03,5.554257077164947987e-04,-6.884614005684852600e-03,-5.699978768825531006e-02,-5.365885794162750244e-03,5.189868435263633728e-02
3.872650116682052612e-02,3.760720416903495789e-02,4.784370586276054382e-02,-3.707806020975112915e-02,3.408922255039215088e-02,3.178951889276504517e-02,-1.994324289262294769e-02,-2.225972525775432587e-02,-5.224328488111495972e-03,8.435315452516078949e-03,-8.140860125422477722e-03,-5.836485070176422596e-04,-1.174225937575101852e-02,-1.987758651375770569e-02,6.347361952066421509e-03,-2.399094216525554657e-02,-3.280650451779365540e-02,1.023751311004161835e-02,-2.367313252761960030e-03,2.371102012693881989e-02,-7.913662120699882507e-03,-3.272482007741928101e-02,-3.495415300130844116e-02,4.461188614368438721e-02,6.142469495534896851e-02,3.343926975503563881e-03,1.098296418786048889e-02,3.603204153478145599e-03,1.985971070826053619e-02,-1.602411083877086639e-02,-1.543336547911167145e-02,-3.769735246896743774e-02,1.289629936218261719e-02,1.411177311092615128e-02,-1.823041401803493500e-02,1.368115283548831940e-02,-1.776216435246169567e-03,-3.871358186006546021e-02,-7.189626339823007584e-03,1.121178828179836273e-02,-4.823766183108091354e-03,1.232779026031494141e-02,7.594825699925422668e-03,1.457861997187137604e-02,7.780424319207668304e-03,-3.647859394550323486e-02,2.336052991449832916e-02,3.519975394010543823e-02,-2.300237864255905151e-02,-1.101598143577575684e-02,-4.079646896570920944e-03,-1.616167277097702026e-02,-1.893395185470581055e-02,-1.835128106176853180e-02,-1.106705609709024429e-02,-8.857703767716884613e-03,-2.710601873695850372e-02,-1.891017891466617584e-02,-3.617828711867332458e-02,-1.139040105044841766e-02,-1.511985901743173599e-02,-4.017052426934242249e-02,-2.069386094808578491e-02,-9.890142828226089478e-03,3.764940798282623291e-02,-3.092151880264282227e-02,3.557357192039489746e-02,2.167820744216442108e-02,4.062481224536895752e-03,6.542141549289226532e-03,-1.765964319929480553e-03,-1.190430298447608948e-02,5.947012826800346375e-02,1.894017681479454041e-02,2.480114065110683441e-02,2.290932647883892059e-02,-4.624243825674057007e-03,2.465496212244033813e-02,-1.618175394833087921e-02,-1.984407007694244385e-02,-3.012591414153575897e-02,-5.205537378787994385e-02,-1.049614045768976212e-02,9.938984178006649017e-03,4.847148805856704712e-02,8.836575783789157867e-03,-1.250964682549238205e-02,-3.484482690691947937e-02,-5.730651691555976868e-02,-1.827733591198921204e-02,1.930506341159343719e-02,1.643780618906021118e-02,-1.805225387215614319e-02,-8.050684817135334015e-03,-2.653970383107662201e-02,-1.147621963173151016e-02,1.986930146813392639e-02,3.836434334516525269e-02,1.873121783137321472e-02,-1.701083406805992126e-02,-1.970345713198184967e-02,3.590428084135055542e-02,3.504157066345214844e-04,2.132953330874443054e-02,-2.261050418019294739e-02,-4.238388687372207642e-02,2.756647579371929169e-02,1.579808816313743591e-02,-1.254605874419212341e-02,-7.872269488871097565e-03,-1.637190207839012146e-02,6.749168969690799713e-03,8.104771375656127930e-03,1.779464771971106529e-03,-8.826919831335544586e-03,4.628147929906845093e-03,2.768634073436260223e-02,2.205392532050609589e-02,-2.876507118344306946e-02,2.125498140230774879e-03,-4.577334970235824585e-02,6.352248601615428925e-03,8.198404684662818909e-03,6.574833299964666367e-03,-5.559565033763647079e-03,-5.897720530629158020e-02,-8.472000248730182648e-03,8.326172083616256714e-02
